Time,residuals
0.0,0.25100468552764343
1.0,-0.06032303239080836
2.0,0.0371853750596256
3.0,-0.06410732181037507
4.0,0.16117030135497398
5.0,0.26217044725111305
6.0,-0.06884499938046293
7.0,0.042421831545582656
8.0,-0.09650039439992833
9.0,-0.032107482374276325
10.0,-0.10718705644791279
11.0,0.06564941513831435
12.0,-0.10170152459181667
13.0,0.3078719285238688
14.0,0.07818536445126628
15.0,-0.06840862498235915
16.0,-0.12491246976861264
17.0,0.010447863537012159
18.0,-0.12361739132854005
19.0,0.2074023947485373
20.0,-0.10146486792099971
21.0,0.060785751967939644
22.0,-0.11828738866628757
23.0,-0.1294213165071068
24.0,0.07993104116716168
25.0,-0.03055857355818925
26.0,-0.1196272688786862
27.0,-0.006950608149863674
28.0,0.17953760293524487
29.0,-0.03303435978294683
30.0,0.727812037229576
31.0,-0.11030717002837429
32.0,-0.09727939253806152
33.0,-0.0523098443656599
34.0,-0.08253756564036878
35.0,0.06928492670858186
36.0,0.08467751599568518
37.0,-0.06600137464733474
38.0,0.008175221682437533
39.0,-0.09944436337990605
40.0,0.5250823051981052
41.0,0.026078247419540235
42.0,-0.08736919982342614
43.0,-0.11916176046761187
44.0,-0.03236185913727935
45.0,-0.07308058746214233
46.0,-0.08030119224192778
47.0,-0.11680113474792678
48.0,0.06505044701318641
49.0,-0.0721865919314191
50.0,0.2811285868338003
51.0,-0.05868859059864667
52.0,0.09292077052614428
53.0,0.266901835058838
54.0,0.45227772046787634
55.0,0.40280618508196975
56.0,0.0065487848331952925
57.0,-0.12739641945827124
58.0,-0.0025521923756332277
59.0,0.40373178173078306
60.0,-0.036062861806568966
61.0,-0.1035126178665658
62.0,0.007417484446670536
63.0,-0.07947656062702235
64.0,-0.11341367380333962
65.0,-0.1063109447957894
66.0,0.10893288171320983
67.0,-0.011896830005223624
68.0,-0.12070079270163092
69.0,-0.036043071011409245
70.0,0.18114034832253528
71.0,-0.12701432136358
72.0,-0.031354844398955944
73.0,0.19800594164717703
74.0,-0.12241969874114467
75.0,-0.012805079878994013
76.0,-0.09737942360422089
77.0,0.13156495736810142
78.0,-0.08661305146635198
79.0,0.5278540919594699
80.0,-0.046717997402523845
81.0,-0.12173847319695694
82.0,0.35591947948025804
83.0,-0.07936826485516912
84.0,-0.08693822172472404
85.0,0.11388786760098504
86.0,0.37857894614920207
87.0,-0.12683818058848245
88.0,-0.10640251623831526
89.0,0.08880453745627656
90.0,-0.05445491272721248
91.0,0.23240727894253843
92.0,0.5454034237119232
93.0,-0.09145670752333256
94.0,-0.04710513580216419
95.0,-0.08358924406337749
96.0,-0.1268260629625065
97.0,-0.039350947916029444
98.0,-0.030910917506555696
99.0,-0.11920537972744341
100.0,0.19090350757425323
101.0,-0.02524292385920135
102.0,0.562879738694644
103.0,-0.10548114685396792
104.0,0.04656481319737907
105.0,0.046704708009550205
106.0,-0.09567218602873884
107.0,-0.02520425409612581
108.0,-0.07332656222056105
109.0,-0.12143447582393632
110.0,-0.04682536313573457
111.0,0.43990264018893094
112.0,0.14339572703585593
113.0,-0.007116698123987353
114.0,-0.11681542081827348
115.0,0.10650043278891594
116.0,0.579329364730818
117.0,-0.002247425169504824
118.0,-0.09249367383726126
119.0,-0.05126451486516846
120.0,-0.12386365997658505
121.0,-0.04369072320648976
122.0,0.2524967552261605
123.0,-0.12606996206657076
124.0,-0.07636283862465695
125.0,-0.03439942924858985
126.0,-0.11243710139702309
127.0,0.0299169100885619
128.0,-0.08938084734188012
129.0,-0.11521862132490146
130.0,0.04586640338640094
131.0,-0.05197891864662503
132.0,0.028919337632834746
133.0,-0.05891418625343685
134.0,0.3644598716269083
135.0,0.0038721546741465607
136.0,-0.07191591256178453
137.0,0.14542028270301002
138.0,-0.10525336285089373
139.0,0.14754751991686443
140.0,0.38992605089889676
141.0,0.012889877756108475
142.0,0.3917674514327974
143.0,7.144985239659896e-05
144.0,-0.11261605212026665
145.0,0.10437449249514574
146.0,0.17598508217657155
147.0,-0.09850439932419365
148.0,0.0013895294735118413
149.0,-0.12731896991634073
150.0,0.17254657248856556
151.0,-0.02273612399655746
152.0,-0.10923027881162366
153.0,-0.07111949863788188
154.0,0.502065737240719
155.0,0.009865371135075407
156.0,0.5839979840320934
157.0,-0.06935376390400316
158.0,-0.11606953523613356
159.0,-0.06425122758262286
160.0,0.11814256420380051
161.0,-0.0076966437871557325
162.0,-0.11375172911155049
163.0,-0.1134569100834366
164.0,0.06646998798818132
165.0,-0.13457377688702926
166.0,-0.09997603420550975
167.0,-0.04585254447294089
168.0,0.12555705218483343
169.0,-0.051401436635574005
170.0,-0.018163262469155547
171.0,0.43272360363031337
172.0,-0.07896078692359473
173.0,0.1738834301425879
174.0,0.1931447405542677
175.0,-0.10903763686490553
176.0,-0.012745539938581685
177.0,-0.13571067111765828
178.0,0.01018792170282351
179.0,0.2895297015346988
180.0,-0.09184653519443428
181.0,-0.11686813847011512
182.0,-0.1334138601499597
183.0,0.11011681663801964
184.0,0.18259443018564628
185.0,-0.08323031115289589
186.0,-0.09437824982081656
187.0,-0.057288726553422445
188.0,-0.13537172798282723
189.0,-0.061483698179091203
190.0,0.0983879016147674
191.0,-0.10239101876747299
192.0,0.10056644968449946
193.0,-0.029506994988193383
194.0,-0.11360083740787058
195.0,0.1479987636958371
196.0,-0.02031187957923354
197.0,0.02064760519221412
198.0,-0.08539585088810844
199.0,-0.0915860081201236
200.0,-0.0020623417163855295
201.0,-0.07054205943083626
202.0,0.3534763915382675
203.0,-0.057387476288632736
204.0,-0.11429231524757219
205.0,0.39563788929581706
206.0,0.017063141096663154
207.0,0.06919424390080323
208.0,-0.10605627194589716
209.0,-0.0018001313951833409
210.0,0.02959102686395551
211.0,-0.008061034281611507
212.0,-0.08190967096546978
213.0,-0.02575795322568776
214.0,-0.028720130918980985
215.0,-0.06974583198620223
216.0,-0.06848753523002443
217.0,0.3264172574019515
218.0,-0.0689572732066521
219.0,-0.09310644763561707
220.0,0.35660347628680134
221.0,-0.049231161478402244
222.0,-0.07609525470486227
223.0,-0.12308708602767973
224.0,-3.814347909000815e-05
225.0,-0.09785405136009256
226.0,0.19893355575830995
227.0,-0.13176488159585337
228.0,-0.1443084113920334
229.0,0.11317956873955717
230.0,-0.08303059628873892
231.0,-0.14174668185232225
232.0,0.2862898200551482
233.0,-0.08479547856200315
234.0,0.168448039362527
235.0,-0.06906997129345013
236.0,0.2982972965072951
237.0,-0.0010539533992629802
238.0,0.4938395428462249
239.0,-0.06334924645515426
240.0,-0.10770191606360921
241.0,-0.08015946434112539
242.0,-0.07553700966581406
243.0,-0.11285432630526437
244.0,0.10058770584476112
245.0,0.14100420237705924
246.0,-0.1397976617159554
247.0,0.38886435470885694
248.0,-0.04966887627329658
249.0,0.4991518523200736
250.0,0.13093346466283565
251.0,-0.03501537494807942
252.0,-0.14323699593771097
253.0,-0.0694502086062773
254.0,0.07225836997339521
255.0,-0.14372771768603626
256.0,0.5436413924297312
257.0,-0.13311190917273763
258.0,0.12197198844159285
259.0,-0.04573463566145773
260.0,0.4284009385541311
261.0,-0.11402568052279782
262.0,0.13639649103647095
263.0,-0.10689917945310279
264.0,0.18540405740722996
265.0,-0.029555833855037822
266.0,0.10990047214372384
267.0,0.73839880151766
268.0,0.011650285624500517
269.0,-0.10412718298416118
270.0,0.2389918492077806
271.0,-0.0004527428152725499
272.0,-0.13779840867744195
273.0,-0.11710967853345625
274.0,0.3907896658660682
275.0,-0.13370854156183415
276.0,0.07291024935748139
277.0,-0.13242796766703355
278.0,0.1224847774413299
279.0,-0.13648975790566276
280.0,0.4798961132793296
281.0,0.19397533369552236
282.0,-0.11604940045192189
283.0,0.02849775729390777
284.0,-0.12262571584544077
285.0,0.11775600376816298
286.0,-0.12273856292872162
287.0,-0.03231848198078022
288.0,-0.1460591815599597
289.0,-0.020905888938353795
290.0,-0.13599848200388287
291.0,-0.09782379406400687
292.0,0.2583148345688653
293.0,0.059723094378626024
294.0,-0.026581965160788618
295.0,0.06225938274147366
296.0,-0.06503242944253865
297.0,-0.11743859124496592
298.0,-0.0496195110607988
299.0,0.5712680459619253
300.0,-0.11766509562854799
301.0,0.02411715430100686
302.0,-0.010784741552963661
303.0,0.21973162133229265
304.0,0.28468554624202635
305.0,-0.10261307786396333
306.0,0.17519220806044256
307.0,-0.14517118973710127
308.0,-0.1001194643969531
309.0,-0.14743747831435852
310.0,0.06245484084540165
311.0,-0.11425070227774606
312.0,-0.14465200858598026
313.0,0.17816833396254275
314.0,-0.05245609506562768
315.0,-0.022776163865896343
316.0,-0.031972334477255365
317.0,0.7759991872976026
318.0,0.2191711164212221
319.0,0.14232052171974585
320.0,0.03049495760507065
321.0,-0.025539619576060324
322.0,-0.09363022996501025
323.0,0.06556158737336501
324.0,-0.15962370154578762
325.0,-0.006476416686301223
326.0,-0.06369004432473356
327.0,-0.10129369232304669
328.0,-0.15973778932584048
329.0,0.06297128272026159
330.0,-0.02647015456463056
331.0,-0.11545598665435922
332.0,-0.012826753495056714
333.0,-0.1603377814776144
334.0,0.07562237343484046
335.0,-0.1451761611137497
336.0,0.17328461668045195
337.0,-0.08769483181238832
338.0,0.5794531579355421
339.0,-0.10096826142566573
340.0,0.6730734450595881
341.0,0.26715327776972797
342.0,-0.11352653547140175
343.0,0.2655968673685679
344.0,0.12056121684163448
345.0,-0.11309548183473239
346.0,0.46823249743539724
347.0,0.21108887638432422
348.0,0.15185188736947772
349.0,0.010083516956940292
350.0,-0.1470976082267702
351.0,0.010900960592617276
352.0,-0.020438806941950105
353.0,0.43178281153482545
354.0,-0.09668898753986514
355.0,-0.13653187606336128
356.0,0.5767000547325262
357.0,0.005361002235849843
358.0,0.28515349108017696
359.0,0.05882347979520125
360.0,-0.08036289956309653
361.0,0.045358439562574876
362.0,-0.03725596398374062
363.0,-0.1287052967558382
364.0,-0.06539176660684329
365.0,0.42384725777206356
366.0,0.027716475052037087
367.0,-0.16046749907807226
368.0,-0.11256347754205412
369.0,0.6455865633223103
370.0,0.35334737521772497
371.0,0.13632697145274728
372.0,-0.1261438051419638
373.0,-0.12725204195231524
374.0,0.8064042274163546
375.0,0.1265783468996769
376.0,-0.14900187104656631
377.0,-0.157596147004055
378.0,-0.1416709370311723
379.0,-0.06722903630200679
380.0,0.37825081663669136
381.0,-0.015502450249165661
382.0,-0.11022115589765565
383.0,-0.13651769621209764
384.0,0.3524966418205403
385.0,0.013328367125910429
386.0,0.5569447194728895
387.0,-0.04297190824810214
388.0,0.04083601856525876
389.0,-0.15466517536352373
390.0,-0.16219769558754144
391.0,0.1427390960517628
392.0,0.019457580975289296
393.0,-0.14682243258678118
394.0,-0.04543240853239826
395.0,0.5814620920505653
396.0,0.13050059110232928
397.0,0.07589079149672368
398.0,-0.15785305438053734
399.0,0.047424132093022625
400.0,-0.09231250499412523
401.0,-0.008612135472134297
402.0,-0.045395851051194896
403.0,-0.07165059046138786
404.0,-0.10878669342012551
405.0,0.030683001276576694
406.0,-0.0495023230099888
407.0,-0.08982225239730311
408.0,-0.08694519374054113
409.0,0.617110902655096
410.0,0.05649361350156598
411.0,-0.1593468942749454
412.0,0.09968136711062817
413.0,-0.1468347303372237
414.0,0.15525108002889323
415.0,0.04693944145707393
416.0,-0.12138951074750587
417.0,-0.11702814924178649
418.0,0.26504233742537864
419.0,-0.0006852182180852318
420.0,0.011460496440257872
421.0,0.8781325290517507
422.0,0.17624238476365672
423.0,0.06699900565402475
424.0,-0.14367306910900374
425.0,0.07469067849864824
426.0,-0.11679749555874805
427.0,-0.13074501619998546
428.0,-0.07496430510049142
429.0,0.20471783551328557
430.0,-0.017682314479110367
431.0,0.3296383352673141
432.0,0.41082985234059466
433.0,-0.06647013357597376
434.0,-0.06212191118462192
435.0,-0.026374970830258665
436.0,-0.14500860344047387
437.0,0.0279381747759396
438.0,0.33571532792076575
439.0,-0.1411052490150317
440.0,0.4229117001477962
441.0,-0.12192455400496285
442.0,-0.005903838003905704
443.0,0.3514101943814312
444.0,0.016532249425346368
445.0,-0.11150035472742141
446.0,-0.028096411031998197
447.0,-0.10936737020355353
448.0,-0.13986683556268983
449.0,-0.16635774379614143
450.0,-0.15605357440192666
451.0,0.48369579313874184
452.0,-0.11633182953740989
453.0,0.20826782097432192
454.0,0.2365492557632029
455.0,0.07137382502694417
456.0,-0.07173520477673602
457.0,0.01851395287670113
458.0,0.24459586311054743
459.0,-0.008367819643602725
460.0,-0.1331079544739288
461.0,0.2839490543810297
462.0,-0.018503832588324276
463.0,0.11101079475175571
464.0,-0.061337416828063526
465.0,-0.13124938429176705
466.0,0.0982319268574299
467.0,0.023925226505776442
468.0,-0.06266073021196211
469.0,0.6228391703279039
470.0,-0.03173074933196443
471.0,-0.11989626276568999
472.0,-0.01875649851500899
473.0,0.2746965994492123
474.0,-0.040017109188337924
475.0,-0.1076158841042271
476.0,0.15352955585615696
477.0,-0.0482499403200206
478.0,-0.1572961158276931
479.0,0.06627747995115241
480.0,-0.12313767806469667
481.0,0.15246246930792995
482.0,-0.0995785541596462
483.0,-0.0989554505882257
484.0,-0.133792932454531
485.0,0.37988005121579027
486.0,-0.014513210315702185
487.0,-0.16359531493425675
488.0,-0.15193942809556815
489.0,0.05035440312682657
490.0,0.07189068911354721
491.0,0.08136689630501479
492.0,-0.1511439206792584
493.0,0.025803084707551355
494.0,-0.08250757673091846
495.0,0.1565388139964741
496.0,-0.006232984364646449
497.0,-0.11140013735900631
498.0,0.2606688007178885
499.0,0.03753071404084787
500.0,-0.07131339017934292
501.0,-0.023598026350738266
502.0,0.02991047768700325
503.0,-0.11814076668803856
504.0,-0.1426535853897929
505.0,0.13476402495511822
506.0,-0.08032765682634765
507.0,0.33942602668941313
508.0,0.00468226235338437
509.0,-0.13390919778348856
510.0,0.21231550950842631
511.0,-0.13578810542777472
512.0,0.168765758526178
513.0,0.03047649084884796
514.0,0.3496609617929884
515.0,-0.10610677452019959
516.0,-0.14200662273032297
517.0,0.239718264598696
518.0,-0.016922423683932764
519.0,0.1360511680503724
520.0,0.11128733715150965
521.0,0.01651158249776838
522.0,-0.12460243883746705
523.0,-0.1273907518851916
524.0,-0.14236122412242339
525.0,-0.08968668246636115
526.0,-0.12852717480316772
527.0,0.3841649278570728
528.0,-0.00746331724244742
529.0,-0.12704038973689546
530.0,-0.1091518423853019
531.0,0.17377384549287025
532.0,0.10165197318838548
533.0,-0.14853342104854497
534.0,0.4027170698020534
535.0,0.09745851211192744
536.0,-0.15498209211596414
537.0,-0.02685058909097901
538.0,0.061156389536158096
539.0,0.19489594485661377
540.0,-0.016389085118717894
541.0,-0.14664244123767337
542.0,0.06997402711227074
543.0,-0.026113585632672437
544.0,-0.0707371591454827
545.0,-0.15261666007557287
546.0,-0.12769789541940355
547.0,0.5495907199179373
548.0,0.43204832353418243
549.0,-0.01986894227719682
550.0,0.09432386612981714
551.0,-0.07662742545745604
552.0,-0.14869265274326424
553.0,-0.0027563224213897897
554.0,0.04792543118668846
555.0,-0.051148196682505365
556.0,-0.1255776594214613
557.0,0.03549389812860007
558.0,0.0902958685673299
559.0,0.4809227209351926
560.0,0.35716230896636747
561.0,-0.01808314627548152
562.0,-0.08628870784605207
563.0,-0.09500042046029536
564.0,-0.15363980147343725
565.0,0.037025925686938604
566.0,-0.11546196197054298
567.0,-0.005062463698464553
568.0,-0.09359690225161807
569.0,-0.06349133782678443
570.0,-0.07648809458430564
571.0,-0.13057168926473595
572.0,-0.06878717248671612
573.0,0.19810761335291724
574.0,0.04314532168980728
575.0,0.08534906711046161
576.0,-0.11905485177063826
577.0,0.14542212602354315
578.0,-0.11767258540086986
579.0,0.8024535459466021
580.0,0.019944359125222383
581.0,-0.0026315567717244415
582.0,-0.04954360844116745
583.0,-0.08105589282672608
584.0,-0.13218119826275196
585.0,0.05552079028522586
586.0,-0.030236460253333902
587.0,0.47797720986301473
588.0,-0.01941301931154521
589.0,-0.044304074015113645
590.0,-0.017421357375104973
591.0,0.27254049556650645
592.0,-0.09956581647149564
593.0,-0.02184004213222554
594.0,-0.09924433389408133
595.0,-0.07032207730112518
596.0,-0.14575886559596285
597.0,-0.08859629801885748
598.0,-0.14167746777278967
599.0,0.06766739419153642
600.0,-0.08453701208392767
601.0,-0.13416341031555387
602.0,0.12159687846159362
603.0,0.09861279936665854
604.0,-0.09947382439694537
605.0,0.4119776801903138
606.0,-0.10282157066194013
607.0,-0.05626183728503628
608.0,-0.009852408172554561
609.0,-0.10276541385399363
610.0,-0.018200560320985354
611.0,0.5760624664998311
612.0,0.24995820487841788
613.0,-0.09628147828001575
614.0,-0.1593236614205338
615.0,0.11339656100377254
616.0,-0.10040217577448826
617.0,-0.137759053737816
618.0,-0.08618323822052974
619.0,-0.1226800083024968
620.0,-0.11469876277323632
621.0,0.3631681423783781
622.0,0.25111958263722134
623.0,0.12373875270692405
624.0,0.06054881166914633
625.0,0.03246124664284733
626.0,-0.13789615760799376
627.0,-0.14611230644498882
628.0,0.6275469375825851
629.0,0.47017845937288183
630.0,0.3556460962101785
631.0,-0.07034549526637411
632.0,-0.16713447629475076
633.0,-0.1223407829395157
634.0,0.18094122668605794
635.0,-0.09934868507952066
636.0,-0.12270718499943019
637.0,0.6472234330512789
638.0,0.9914192688834705
639.0,0.31362863953198683
640.0,0.1800873799371793
641.0,0.08975064326059548
642.0,-0.1742370515576313
643.0,0.3211138727503762
644.0,0.05836699324045963
645.0,-0.1584459282776716
646.0,-0.11517458920102712
647.0,-0.19064263567986306
648.0,0.44863628555021307
649.0,-0.00024250130503172818
650.0,-0.14287501735802677
651.0,-0.05977849805566196
652.0,-0.07044959001847273
653.0,0.06849248917128994
654.0,-0.10013003097092309
655.0,0.09750710085877609
656.0,-0.09650507587167788
657.0,-0.17504113017694461
658.0,0.2338464995730135
659.0,-0.05370974526314126
660.0,-0.1868591483980922
661.0,0.026674270779292603
662.0,-0.059302386142772584
663.0,0.5319089552117333
664.0,0.019489251810623193
665.0,-0.04606544901307838
666.0,0.1046880812291194
667.0,0.4459400921894979
668.0,0.04414794593041388
669.0,-0.12029086465229219
670.0,-0.028306870694119496
671.0,-0.07276192469780185
672.0,0.38473473000173647
673.0,0.06285288067353015
674.0,-0.1376723890910656
675.0,0.6641945491228618
676.0,0.03932378986398799
677.0,-0.0009523804571154038
678.0,0.032884871477321165
679.0,-0.06454239827125899
680.0,0.21173427845097134
681.0,-0.12767129580541337
682.0,0.00099144591515829
683.0,-0.168886636144977
684.0,-0.1552505017687617
685.0,-0.11060075107857448
686.0,-0.14749874410295744
687.0,0.30724402358550695
688.0,0.5937722961455277
689.0,0.7921493973213568
690.0,0.3645675145348606
691.0,0.005188000729929837
692.0,-0.15560420290191884
693.0,0.4384298773603492
694.0,0.12313193482443702
695.0,0.016164348833951542
696.0,-0.17773376899756652
697.0,0.014737156783203392
698.0,-0.13840319472230103
699.0,0.20723497282659936
700.0,-0.12271846039167958
701.0,-0.21035448068537346
702.0,0.22610238102798483
703.0,0.13502055873129445
704.0,-0.15716111500557384
705.0,-0.11787244074641859
706.0,0.37535173361364116
707.0,0.3400738346502433
708.0,0.32710919435813507
709.0,0.09326557172855043
710.0,0.12568093253944465
711.0,0.03449698455630082
712.0,-0.18896703283616512
713.0,0.537849140754923
714.0,0.3835778060771057
715.0,0.0883427129091624
716.0,-0.05918364188574912
717.0,-0.21445227877809236
718.0,-0.017702333543532234
719.0,-0.18543396854504662
720.0,0.31591377937912757
721.0,0.23327982804860664
722.0,-0.1750976337706763
723.0,0.4659979696541401
724.0,-0.023022748679574184
725.0,0.04301303952343363
726.0,-0.12559413384990964
727.0,0.12713540967006792
728.0,0.32032012088862255
729.0,-0.016749505446292612
730.0,-0.0540224119870005
731.0,0.00469214140803681
732.0,-0.2077785891315017
733.0,0.40847451976846166
734.0,-0.06459845008283671
735.0,-0.11039206867030234
736.0,-0.18229142729720582
737.0,-0.21087758874701357
738.0,0.02506947801747511
739.0,0.04572044043435136
740.0,-0.10091320899587719
741.0,-0.20381883432797895
742.0,-0.05623630207095123
743.0,-0.16983203573604894
744.0,-0.11310537004420625
745.0,0.2839150413657785
746.0,-0.06156635695618748
747.0,-0.14392447698007665
748.0,-0.08593707553080512
749.0,-0.19871846743652394
750.0,0.35199889606786033
751.0,0.07770752899293645
752.0,-0.0889194599514429
753.0,-0.054541146667854645
754.0,-0.1491294853919038
755.0,-0.18008598510782992
756.0,0.42174265443498316
757.0,0.8183234904142029
758.0,0.12345870999089667
759.0,-0.12282465595349736
760.0,-0.10670373589496408
761.0,-0.04347363034805446
762.0,-0.06558783931747536
763.0,0.3349196206228062
764.0,0.28710528868832963
765.0,0.04003544378332827
766.0,0.1067203144784267
767.0,-0.00923074822560821
768.0,-0.06260307733846482
769.0,-0.13115823330400783
770.0,-0.09717763712995584
771.0,-0.11042168695938834
772.0,0.5133189711218236
773.0,0.10563596814257048
774.0,-0.0012099118370199058
775.0,-0.11823771512667823
776.0,-0.204349200072608
777.0,-0.09377317514304992
778.0,-0.03619632552277155
779.0,-0.18170247979603646
780.0,0.5891237806361224
781.0,0.3845421912949982
782.0,0.16395113404154588
783.0,-0.20902122451164262
784.0,0.1302182202818818
785.0,-0.09105627115229725
786.0,-0.18490995335986085
787.0,0.5932042038781566
788.0,0.3112143050111146
789.0,0.015444630183689995
790.0,-0.01791712805307799
791.0,0.0016302976689351323
792.0,-0.10384032450490535
793.0,-0.13991322502511958
794.0,0.35580160448078807
795.0,0.030189338624249606
796.0,0.22823483197383007
797.0,0.05247272106861103
798.0,0.03223870295225825
799.0,-0.10738226654889876
800.0,-0.11131474319630813
801.0,-0.1658674827279275
802.0,-0.014843276663149885
803.0,-0.16851953433809413
804.0,-0.013009220918089925
805.0,0.5669900778799688
806.0,0.05767270444516401
807.0,-0.06061489564988118
808.0,-0.06601958600058327
809.0,-0.1847019463900369
810.0,0.23057238005608374
811.0,0.04783788057927932
812.0,0.3025598277825836
813.0,0.12248231998576575
814.0,0.03166603010498381
815.0,0.10179739960666598
816.0,-0.17798465170684774
817.0,0.1860456060048606
818.0,0.07746769718468599
819.0,-0.0671578807496459
820.0,0.07308831621951614
821.0,-0.14711043186578748
822.0,-0.19079851727278863
823.0,0.11950147873384415
824.0,-0.11634091319334239
825.0,-0.23110298631452417
826.0,0.2895069081738516
827.0,0.2603569331929404
828.0,-0.07203345233570102
829.0,-0.20513698178482784
830.0,0.14522987709357563
831.0,-0.0971025879523355
832.0,-0.22894683134456512
833.0,-0.1630996523902864
834.0,-0.20121211966204391
835.0,0.17115105579425857
836.0,0.3881998154570727
837.0,0.43125754065094685
838.0,0.1704208867980303
839.0,0.6068762453641479
840.0,0.1634797443680025
841.0,0.09256300264621206
842.0,0.015816228086093537
843.0,-0.0921649930401533
844.0,-0.23518257064647893
845.0,-0.17567102372648363
846.0,-0.21591655687846534
847.0,-0.04657106479567519
848.0,-0.24287788642962424
849.0,0.3246774529632931
850.0,0.6293086627205777
851.0,0.17998895509536955
852.0,-0.11892068781427786
853.0,-0.15661891885302914
854.0,0.027944162331044853
855.0,-0.20130742851061623
856.0,0.31165697993635794
857.0,0.1292875584732135
858.0,-0.13777015428284925
859.0,0.06725227434364905
860.0,-0.16395764315760686
861.0,-0.18926715768889799
862.0,-0.030946703470366682
863.0,-0.13960406062828695
864.0,-0.02996067608342534
865.0,-0.1435535633419445
866.0,-0.14327358555851805
867.0,-0.14011019038395744
868.0,-0.14821128302573922
869.0,-0.23121826501315523
870.0,0.7571110028893331
871.0,0.5506813720663781
872.0,0.716829557931731
873.0,-0.0647754757207481
874.0,0.062039134188453415
875.0,-0.1029703451955532
876.0,-0.19985920382902755
877.0,-0.11562696468472175
878.0,-0.136033239884102
879.0,0.07435677345725594
880.0,0.2558853060905131
881.0,0.27999770718693134
882.0,0.26793860571643624
883.0,-0.08979576887480994
884.0,0.059210222230234755
885.0,0.15865355303127077
886.0,0.056407203096785596
887.0,-0.03992137821166375
888.0,-0.15966042074308556
889.0,-0.2665913420840252
890.0,0.15302571624753758
891.0,-0.19098551518587958
892.0,-0.23850343495055598
893.0,-0.12987497130153408
894.0,0.4869596539062996
895.0,-0.18652997271661148
896.0,0.3672930732783832
897.0,0.586976878676317
898.0,0.5433288970798342
899.0,0.4823496498558092
900.0,0.8045660639375685
901.0,0.08361251510282419
902.0,-0.24300424610343663
903.0,0.1530500839348264
904.0,-0.2834275221954776
905.0,-0.024560089072351632
906.0,-0.02318450306150427
907.0,-0.03976986563504531
908.0,-0.224926229693614
909.0,0.43888624754206573
910.0,0.46734148043530016
911.0,0.28498112815756793
912.0,0.3209498898255906
913.0,0.19465328068025683
914.0,0.12977261787553485
915.0,0.21484574676082757
916.0,0.1363595452348449
917.0,-0.17325861336565984
918.0,0.0034382103893061955
919.0,-0.16794794629521195
920.0,0.43695555496445926
921.0,-0.11318349583739895
922.0,-0.1859458694734984
923.0,-0.002281525731633982
924.0,-0.0029347203254784793
925.0,0.16737615946803808
926.0,0.24448883229231855
927.0,-0.02250879360863195
928.0,0.1009658306912824
929.0,-0.05627913396194589
930.0,-0.23367649068994434
931.0,0.5135519683884688
932.0,0.39141056169086436
933.0,0.4552646634684331
934.0,-0.16909988368041085
935.0,-0.2693903166658323
936.0,0.020599483872154045
937.0,0.07890124731073117
938.0,0.39307242436415124
939.0,0.056997338388437624
940.0,0.040556094296507195
941.0,-0.08643963714304487
942.0,-0.11641975813441119
943.0,-0.2895491381241054
944.0,0.5366032879585172
945.0,0.4811310641415028
946.0,0.4267937904005288
947.0,-0.06672219476436836
948.0,-0.19639750616083873
949.0,-0.22110176783238716
950.0,-0.30110730146933284
951.0,0.2779434678633816
952.0,0.18820915203403904
953.0,-0.15023555005753525
954.0,-0.2177609636139804
955.0,-0.05151927686490754
956.0,0.29244925101115793
957.0,0.12092304135658188
958.0,-0.1393690855750073
959.0,-0.25273727996214124
960.0,-0.1986381954288572
961.0,0.48874275003193146
962.0,0.3737768824607495
963.0,-0.18029087218273068
964.0,0.02246714199058719
965.0,0.3152746013225894
966.0,-0.05334353715304457
967.0,-0.06472895263456452
968.0,0.023483223012956855
969.0,-0.22005404134968393
970.0,-0.1306254605629904
971.0,-0.1045287742527996
972.0,-0.12620145095462693
973.0,-0.08079208850719707
974.0,-0.06746565405582286
975.0,-0.0012784000300845588
976.0,-0.12494042613863757
977.0,-0.1411327853097006
978.0,0.9172537575547552
979.0,0.6377196261117544
980.0,1.1474011401028787
981.0,0.3929911491909317
982.0,0.11449576974908549
983.0,0.8984767552665851
984.0,1.4305820667205493
985.0,1.1087956665283205
986.0,0.9182967287302262
987.0,-0.03220121646685126
988.0,-0.15133484793601096
989.0,0.6334833311396247
990.0,0.40842226920275776
991.0,0.8394717251679376
992.0,1.7106170914833778
993.0,2.2285258282748743
994.0,2.386069722238799
995.0,2.1399490066676434
996.0,0.9997235777197249
997.0,1.0013568686302219
998.0,0.6203289570245594
999.0,0.28892673782391365
1000.0,-0.23188626220687678
1001.0,-0.1958186037985149
1002.0,-0.09479498930842084
1003.0,-0.22872129830883936
1004.0,-0.09242093691379494
1005.0,0.08824283355118845
1006.0,-0.30980716264317226
1007.0,-0.22983530379053393
1008.0,-0.2473172370664274
1009.0,0.2439699208957491
1010.0,-0.08071646736999474
1011.0,-0.08155458132678547
1012.0,0.06863260503941465
1013.0,0.10388142719315946
1014.0,-0.03114927156635111
1015.0,-0.270573495413988
1016.0,-0.0958439327377176
1017.0,0.05611536895437341
1018.0,-0.18194171158121838
1019.0,0.1579099605445296
1020.0,0.6682206699649493
1021.0,0.7460044380742503
1022.0,1.0739178306928676
1023.0,1.6875674769345241
1024.0,1.3165081271612484
1025.0,1.1218488135966442
1026.0,1.9171143643005304
1027.0,0.9738394464536976
1028.0,0.09759683830330224
1029.0,-0.13886441975581537
1030.0,-0.21158645355612365
1031.0,0.5310375907854183
1032.0,0.0750409905577824
1033.0,0.11281845039618588
1034.0,0.23868882751533577
1035.0,-0.13632391073596775
1036.0,-0.2827545214702145
1037.0,-0.1599646194486213
1038.0,-0.008274999658275162
1039.0,-0.15503509426162868
1040.0,0.2586220345251071
1041.0,0.29781362650758897
1042.0,0.41132168841457006
1043.0,0.2692469537151468
1044.0,0.21398045846590674
1045.0,-0.06759870453804526
1046.0,-0.1377691174005434
1047.0,-0.2978748069367918
1048.0,0.9294912572400778
1049.0,
1050.0,
1051.0,
1052.0,
1053.0,
1054.0,
1055.0,
1056.0,
1057.0,
1058.0,
1059.0,
1060.0,
1061.0,
1062.0,
1063.0,
1064.0,
1065.0,
1066.0,
1067.0,
1068.0,
1069.0,
1070.0,
1071.0,
1072.0,
1073.0,
1074.0,
1075.0,
1076.0,
1077.0,
1078.0,
1079.0,
1080.0,
1081.0,
1082.0,
1083.0,
1084.0,
1085.0,
1086.0,
1087.0,
1088.0,
1089.0,
1090.0,
1091.0,
1092.0,
1093.0,
1094.0,
1095.0,
1096.0,
1097.0,
1098.0,
1099.0,
1100.0,
1101.0,
1102.0,
1103.0,
1104.0,
1105.0,
1106.0,
1107.0,
1108.0,
1109.0,
1110.0,
1111.0,
1112.0,
1113.0,
1114.0,
1115.0,
1116.0,
1117.0,
1118.0,
1119.0,
1120.0,
1121.0,
1122.0,
1123.0,
1124.0,
1125.0,
1126.0,
1127.0,
1128.0,
1129.0,
1130.0,
1131.0,
1132.0,
1133.0,
1134.0,
1135.0,
1136.0,
1137.0,
1138.0,
1139.0,
1140.0,
1141.0,
1142.0,
1143.0,
1144.0,
1145.0,
1146.0,
1147.0,
1148.0,
1149.0,
1150.0,
1151.0,
1152.0,
1153.0,
1154.0,
1155.0,
1156.0,
1157.0,
1158.0,
1159.0,
1160.0,
1161.0,
1162.0,
1163.0,
1164.0,
1165.0,
1166.0,
1167.0,
1168.0,
1169.0,
1170.0,
1171.0,
1172.0,
1173.0,
1174.0,
1175.0,
1176.0,
1177.0,
1178.0,
1179.0,
1180.0,
1181.0,
1182.0,
1183.0,
1184.0,
1185.0,
1186.0,
1187.0,
1188.0,
1189.0,
1190.0,
1191.0,
1192.0,
1193.0,
1194.0,
1195.0,
1196.0,
1197.0,
1198.0,
1199.0,
1200.0,
1201.0,
1202.0,
1203.0,
1204.0,
1205.0,
1206.0,
1207.0,
1208.0,
1209.0,
1210.0,
1211.0,
1212.0,
1213.0,
1214.0,
1215.0,
1216.0,
1217.0,
1218.0,
1219.0,
1220.0,
1221.0,
1222.0,
1223.0,
1224.0,
1225.0,
1226.0,
1227.0,
1228.0,
1229.0,
1230.0,
1231.0,
1232.0,
1233.0,
1234.0,
1235.0,
1236.0,
1237.0,
1238.0,
1239.0,
1240.0,
1241.0,
1242.0,
1243.0,
1244.0,
1245.0,
1246.0,
1247.0,
1248.0,
1249.0,
1250.0,
1251.0,
1252.0,
1253.0,
1254.0,
1255.0,
1256.0,
1257.0,
1258.0,
1259.0,
1260.0,
1261.0,
1262.0,
1263.0,
1264.0,
1265.0,
1266.0,
1267.0,
1268.0,
1269.0,
1270.0,
1271.0,
1272.0,
1273.0,
1274.0,
1275.0,
1276.0,
1277.0,
1278.0,
1279.0,
1280.0,
1281.0,
1282.0,
1283.0,
1284.0,
1285.0,
1286.0,
1287.0,
1288.0,
1289.0,
1290.0,
1291.0,
1292.0,
1293.0,
1294.0,
1295.0,
1296.0,
1297.0,
1298.0,
1299.0,
1300.0,
1301.0,
1302.0,
1303.0,
1304.0,
1305.0,
1306.0,
1307.0,
1308.0,
1309.0,
1310.0,
1311.0,
1312.0,
1313.0,
1314.0,
1315.0,
1316.0,
1317.0,
1318.0,
1319.0,
1320.0,
1321.0,
1322.0,
1323.0,
1324.0,
1325.0,
1326.0,
1327.0,
1328.0,
1329.0,
1330.0,
1331.0,
1332.0,
1333.0,
1334.0,
1335.0,
1336.0,
1337.0,
1338.0,
1339.0,
1340.0,
1341.0,
1342.0,
1343.0,
1344.0,
1345.0,
1346.0,
1347.0,
1348.0,
1349.0,
1350.0,
1351.0,
1352.0,
1353.0,
1354.0,
1355.0,
1356.0,
1357.0,
1358.0,
1359.0,
1360.0,
1361.0,
1362.0,
1363.0,
1364.0,
1365.0,
1366.0,
1367.0,
1368.0,
1369.0,
1370.0,
1371.0,
1372.0,
1373.0,
1374.0,
1375.0,
1376.0,
1377.0,
1378.0,
1379.0,
1380.0,
1381.0,
1382.0,
1383.0,
1384.0,
1385.0,
1386.0,
1387.0,
1388.0,
1389.0,
1390.0,
1391.0,
1392.0,
1393.0,
1394.0,
1395.0,
1396.0,
1397.0,
1398.0,
1399.0,
1400.0,
1401.0,
1402.0,
1403.0,
1404.0,
1405.0,
1406.0,
1407.0,
1408.0,
1409.0,
1410.0,
1411.0,
1412.0,
1413.0,
1414.0,
1415.0,
1416.0,
1417.0,
1418.0,
1419.0,
1420.0,
1421.0,
1422.0,
1423.0,
1424.0,
1425.0,
1426.0,
1427.0,
1428.0,
1429.0,
1430.0,
1431.0,
1432.0,
1433.0,
1434.0,
1435.0,
1436.0,
1437.0,
1438.0,
1439.0,
1440.0,
1441.0,
1442.0,
1443.0,
1444.0,
1445.0,
1446.0,
1447.0,
1448.0,
1449.0,
1450.0,
1451.0,
1452.0,
1453.0,
1454.0,
1455.0,
1456.0,
1457.0,
1458.0,
1459.0,
1460.0,
1461.0,
1462.0,
1463.0,
1464.0,
1465.0,
1466.0,
1467.0,
1468.0,
1469.0,
1470.0,
1471.0,
1472.0,
1473.0,
1474.0,
1475.0,
1476.0,
1477.0,
1478.0,
1479.0,
1480.0,
1481.0,
1482.0,
1483.0,
1484.0,
1485.0,
1486.0,
1487.0,
1488.0,
1489.0,
1490.0,
1491.0,
1492.0,
1493.0,
1494.0,
1495.0,
1496.0,
1497.0,
1498.0,
1499.0,
