Time,residuals
0.0,-0.1763108409266923
1.0,0.32366856466702604
2.0,-0.1521842814535749
3.0,-0.1214435526658238
4.0,0.13592112777774507
5.0,-0.07944991258968476
6.0,-0.03500930256997381
7.0,-0.16933056794966517
8.0,0.15759982457010757
9.0,0.328323112577483
10.0,-0.13659133074006757
11.0,-0.21253488442181512
12.0,0.47861335414200296
13.0,0.3539317486486338
14.0,-0.14581139443318078
15.0,0.12573489337217686
16.0,-0.10066984224432238
17.0,-0.12799309966280634
18.0,0.36571988419168977
19.0,-0.218983506987531
20.0,-0.04381600281493636
21.0,0.10670484200047703
22.0,-0.1387422067357687
23.0,0.33722297292425063
24.0,0.05260788326128385
25.0,-0.17190107484950473
26.0,0.2234977957532635
27.0,0.12136191943766955
28.0,0.0032341204904466903
29.0,-0.01123297099183751
30.0,-0.12868542796738924
31.0,-0.19529443904288113
32.0,-0.03552631005759194
33.0,0.24872525032213372
34.0,-0.06675717407643833
35.0,0.052724967020978675
36.0,-0.09194077077925308
37.0,0.12154189104465069
38.0,-0.18760927802540778
39.0,0.28459100094077305
40.0,0.019785963199015322
41.0,-0.16240208401046502
42.0,-0.012802817723665816
43.0,-0.03268225620776516
44.0,0.33579719697144494
45.0,-0.13720673669176972
46.0,0.3897374035883742
47.0,-0.07481008845869513
48.0,-0.006715276104817702
49.0,-0.07532163654331697
50.0,-0.10854145214642322
51.0,0.11619991186824802
52.0,-0.2180212113918731
53.0,0.14416204074725808
54.0,0.1495292825581836
55.0,0.13328831419610176
56.0,-0.10850983699922445
57.0,-0.17064191814781204
58.0,-0.00040033282211443533
59.0,0.5534260062176104
60.0,0.1558562092651533
61.0,-0.20212668454261354
62.0,-0.14622030947262377
63.0,-0.0641317969775721
64.0,0.6667444421782385
65.0,0.19684902117171793
66.0,-0.04419033699985658
67.0,-0.050374333855511766
68.0,0.11761773983157181
69.0,-0.036583522097832055
70.0,0.4073421570942167
71.0,0.05141112524442054
72.0,-0.1433748115509711
73.0,-0.21683417076862585
74.0,-0.1403001240364033
75.0,0.0022737243717064204
76.0,-0.10351422947671232
77.0,0.31153873000483334
78.0,0.6305851095030945
79.0,0.0970268085589604
80.0,-0.060756063141083116
81.0,0.07179056879424955
82.0,-0.07326290328270563
83.0,-0.04701883532717627
84.0,-0.07008682182998349
85.0,0.1023405357265394
86.0,0.12577742892488808
87.0,0.07031319266014763
88.0,0.023609537322184182
89.0,0.09218764683091962
90.0,-0.12113032587549505
91.0,-0.19355240362310455
92.0,-0.09757066266597178
93.0,0.004079161151401722
94.0,-0.06556717105062243
95.0,-0.031907404521882565
96.0,-0.035760761640471816
97.0,-0.0034882060791024405
98.0,0.2390866058357593
99.0,0.5184245024447358
100.0,-0.22795481529102815
101.0,-0.06300566108822053
102.0,-0.17366051416420178
103.0,-0.12295516551559293
104.0,-0.05303871398497384
105.0,-0.14565964736961012
106.0,-0.05848492655661186
107.0,-0.21995756038662612
108.0,-0.11403009416712323
109.0,-0.19814532915113195
110.0,-0.09603619015021347
111.0,0.08168123893491586
112.0,-0.11253999215603744
113.0,-0.21467491697966468
114.0,0.3467993744173093
115.0,-0.005620498971399379
116.0,-0.22179045074382067
117.0,-0.15692567610939215
118.0,-0.2052674597178749
119.0,0.06019754853190523
120.0,-0.18283978586632757
121.0,-0.11584616221615412
122.0,0.21605020504717748
123.0,-0.16037564182221914
124.0,0.5375023227049022
125.0,0.15889087644619526
126.0,-0.03667612569133605
127.0,-0.14818988404077368
128.0,-0.18275766156625617
129.0,-0.035490555024590476
130.0,0.17470998021417866
131.0,0.30126950634098687
132.0,0.24981373595983186
133.0,-0.20479945394966606
134.0,-0.07254739652448539
135.0,0.0005983319956426314
136.0,-0.013750282044541817
137.0,-0.14940387988709047
138.0,-0.04946633089933122
139.0,-0.20113237407939857
140.0,0.09419304865233002
141.0,-0.12582457658554103
142.0,0.4451102707555785
143.0,0.09232329366268083
144.0,0.3248234479776748
145.0,-0.15776053537389884
146.0,-0.11147796294226153
147.0,0.13399681104153888
148.0,-0.14125468665111285
149.0,-0.1527215604025543
150.0,0.41910810145023336
151.0,-0.17581826545076637
152.0,-0.0653264665994634
153.0,0.2604277371059082
154.0,-0.04299421179487384
155.0,0.23614280489316214
156.0,0.06712227025980766
157.0,0.08044878196089056
158.0,0.2583204408164699
159.0,-0.20981910681919283
160.0,-0.1841804692759588
161.0,-0.06790264698177495
162.0,0.07828583464502831
163.0,0.2487704214636708
164.0,0.08990704863119131
165.0,-0.11961328389592654
166.0,0.012668090190727954
167.0,-0.1206811384354281
168.0,0.003573662225663077
169.0,-0.08620879229407946
170.0,-0.21261120472395062
171.0,0.3614858596348986
172.0,-0.09621578862997276
173.0,0.4918073424353042
174.0,-0.15611048509260403
175.0,-0.05465467996251089
176.0,0.03380482262495427
177.0,0.11905115996958004
178.0,-0.17221534008046274
179.0,-0.1899875438199981
180.0,-0.1052753606721025
181.0,0.3647623607446755
182.0,0.5688873911397865
183.0,0.10169342629520461
184.0,-0.09048974157295575
185.0,0.2384190222868337
186.0,-0.07903311374377564
187.0,0.193617250720708
188.0,0.013712464485998166
189.0,-0.13137793745859092
190.0,-0.16919851255742127
191.0,0.05365794969958898
192.0,0.030695094653672872
193.0,-0.04230152983184726
194.0,-0.08965763419168685
195.0,-0.18265082284767833
196.0,-0.11837098381810451
197.0,-0.036193812542942294
198.0,0.19144019440270954
199.0,0.2291471094790578
200.0,-0.07233477363487201
201.0,0.04465163786415627
202.0,0.44144395246334583
203.0,0.368212670511062
204.0,-0.1853351885474145
205.0,-0.0713007731271697
206.0,-0.13210437358129282
207.0,-0.11495679208912596
208.0,0.14902745466558576
209.0,0.015268224014654996
210.0,0.19429216401982258
211.0,0.10001118888372573
212.0,0.1018722638459757
213.0,0.2414636113397593
214.0,0.046842515093664716
215.0,-0.19918268083664795
216.0,-0.19637570893601403
217.0,-0.1825971410333469
218.0,0.08645409231781731
219.0,0.16122169786452206
220.0,-0.1444911372601215
221.0,-0.10457902672963337
222.0,0.05837830176016756
223.0,0.34425764140897186
224.0,-0.11502000180238572
225.0,0.1361047015582435
226.0,0.017538933878884944
227.0,-0.05463055141320433
228.0,-0.12891285809966682
229.0,-0.08646575580916496
230.0,-0.11011447216744463
231.0,0.0622822498598441
232.0,-0.22711883408570838
233.0,0.15047620069099427
234.0,-0.21471457796304738
235.0,-0.08574122659489841
236.0,0.1266610239813073
237.0,-0.1176245976625587
238.0,0.017112149559849466
239.0,-0.14655622830707618
240.0,0.11942960850836781
241.0,0.171150760888161
242.0,-0.09365544427826678
243.0,-0.12172609835402728
244.0,0.12880281453311665
245.0,0.08972578831017736
246.0,0.19733703619451604
247.0,0.05806572358338791
248.0,-0.15445285537588124
249.0,0.3069274515867255
250.0,-0.02338370209453361
251.0,0.1924965057811709
252.0,-0.23165335764678435
253.0,-0.15341687294327863
254.0,-0.22132769618428685
255.0,0.33307968992787407
256.0,-0.11919686904839905
257.0,0.16219513764100146
258.0,-0.08313834294251526
259.0,-0.07002962829580628
260.0,0.22340028236824616
261.0,-0.0676154072383135
262.0,0.21050283817183058
263.0,0.05739898552275868
264.0,-0.1870736537131929
265.0,-0.14558743328269697
266.0,-0.1823455317190569
267.0,-0.10926562528736786
268.0,-0.05548666289248172
269.0,-0.04143592034527843
270.0,-0.14060126322821287
271.0,0.4958654206326552
272.0,-0.1792948080903216
273.0,-0.056510960636993846
274.0,-0.03469300929945435
275.0,0.3370630362190437
276.0,-0.04952545687819304
277.0,0.07855044857057719
278.0,-0.15452503917362426
279.0,0.06781282200156868
280.0,-0.17445411161136187
281.0,-0.08248877927032672
282.0,0.026911787003472465
283.0,0.21680936136970064
284.0,-0.0569880833006462
285.0,-0.1419370019005758
286.0,0.23771125730193443
287.0,0.01675021655207698
288.0,-0.09421598867806877
289.0,0.3270379769130712
290.0,-0.2122969738121614
291.0,-0.10580250659381624
292.0,-0.09108127985341552
293.0,-0.08516521986304687
294.0,-0.23930053181257707
295.0,0.15203226112755774
296.0,0.3083816483796704
297.0,-0.18536331912075765
298.0,0.23188978114917064
299.0,0.009212706169193008
300.0,-0.122251585935917
301.0,-0.19037403843681427
302.0,-0.08940226135187385
303.0,-0.06827633517209386
304.0,0.12239395539989606
305.0,0.11734409093576459
306.0,-0.1828254071709909
307.0,-0.10925110124178816
308.0,-0.1743249007441363
309.0,0.2903095077855577
310.0,-0.1837162082692629
311.0,0.07735750660614699
312.0,-0.1685240076517219
313.0,0.19844281080032705
314.0,0.022391484205389167
315.0,-0.21203899927499525
316.0,0.08471204229085771
317.0,0.013707210701343953
318.0,-0.07581444935029324
319.0,0.31243208729322614
320.0,0.4974300416321722
321.0,-0.03701167189917698
322.0,-0.21759277185903164
323.0,-0.12781411699859763
324.0,-0.11272778731032804
325.0,-0.11353668318389154
326.0,-0.13943202094622245
327.0,-0.05381609766122741
328.0,-0.21761938272755976
329.0,-0.08100881295976453
330.0,0.5355980585969792
331.0,-0.22882684855320518
332.0,-0.2320337419879835
333.0,-0.23447224308768116
334.0,0.12626246104383193
335.0,-0.005388167240528596
336.0,-0.07681916230870695
337.0,0.4016216628686184
338.0,-0.21073967426355028
339.0,-0.06314923798353761
340.0,-0.10011431425688189
341.0,-0.03170118637551178
342.0,0.20433751600470174
343.0,0.3427379597484059
344.0,-0.10289815088399601
345.0,0.07023433654412647
346.0,-0.011486651719330776
347.0,-0.009625341583752
348.0,0.21649201721336608
349.0,0.22841541485759187
350.0,0.13859092784436766
351.0,-0.1671721872794307
352.0,-0.17444805784044476
353.0,-0.12098805427569989
354.0,0.28558140567067275
355.0,0.24752934876958832
356.0,0.4816107091429404
357.0,0.13848850726826356
358.0,-0.1449561268528921
359.0,-0.20603506056660756
360.0,0.1283298535509157
361.0,0.3053363598823921
362.0,-0.008463254017453792
363.0,0.3997660765145975
364.0,0.16059383062339788
365.0,-0.026045617276619637
366.0,-0.007885454743424947
367.0,0.32511053197306883
368.0,0.1839595289395362
369.0,-0.15304247499672513
370.0,-0.10842142116213621
371.0,0.2669562952422118
372.0,-0.006719105618569976
373.0,-0.18966403399264395
374.0,0.34433054299242594
375.0,0.07685802736185993
376.0,0.3358331360876105
377.0,-0.2273516336794429
378.0,0.05154310040457449
379.0,-0.1424467941812917
380.0,-0.21024519240074244
381.0,0.20989876197706392
382.0,-0.17882393603540078
383.0,0.03145256815857056
384.0,0.36610463962746426
385.0,-0.2135786844800657
386.0,0.4938739081933013
387.0,-0.04043598640564283
388.0,0.3623129844743252
389.0,-0.07443447453722724
390.0,-0.07745854288826731
391.0,0.28450370479651826
392.0,-0.17667106048048623
393.0,0.11290778622861664
394.0,0.35097456591515935
395.0,-0.2289831172163579
396.0,0.06353307062784452
397.0,0.1873695982523923
398.0,0.4982750300626574
399.0,-0.0819541906113529
400.0,-0.07556514366469558
401.0,-0.10519824054206961
402.0,-0.09813771824874684
403.0,0.2630284860160501
404.0,-0.03289376677256062
405.0,-0.1103717955875605
406.0,-0.14928382304815888
407.0,-0.0015462762038898625
408.0,-0.1965433485288085
409.0,-0.1391098937399002
410.0,-0.18821411783394978
411.0,0.08646189992842113
412.0,-0.09813667930527586
413.0,0.13368050836111361
414.0,0.12341516600688779
415.0,-0.25549840116540734
416.0,-0.14894208972435852
417.0,-0.1537578234979303
418.0,0.0035175161045811754
419.0,0.008763792460494413
420.0,-0.23941097546862905
421.0,-0.1846347688623949
422.0,-0.08052146042692543
423.0,-0.07784782393092471
424.0,0.011630245895356939
425.0,0.08415594212052291
426.0,0.30711413885081557
427.0,-0.11369516653475259
428.0,-0.08983342864821081
429.0,0.46644796035388936
430.0,0.07200267061044735
431.0,-0.24338815593405708
432.0,-0.0630646968493691
433.0,0.019192205992341838
434.0,0.1670067582349974
435.0,-0.16482914556382394
436.0,0.1346848002275528
437.0,-0.22664126292201803
438.0,-0.10805939924376334
439.0,0.07014057391864459
440.0,0.028765142097258778
441.0,-0.14647420128514757
442.0,-0.23630515782446435
443.0,0.032348981424352885
444.0,-0.25972725171105226
445.0,-0.13203562908408764
446.0,0.04620183385954574
447.0,-0.09510391208921143
448.0,-0.043665916288190554
449.0,0.19372916368600568
450.0,0.1467811715197324
451.0,0.07983147531716306
452.0,-0.15008126881854975
453.0,0.20029910779899618
454.0,0.14455109967091967
455.0,-0.2106388172405253
456.0,0.2521940810442163
457.0,-0.15334851439052044
458.0,0.24786421879658882
459.0,-0.1537555767823884
460.0,0.04043743353864798
461.0,0.1144151352219519
462.0,-0.19765302301579218
463.0,-0.0006360670864154483
464.0,-0.11370188753229965
465.0,-0.09676008504670841
466.0,0.10483925412816503
467.0,-0.06567124842042338
468.0,0.12439569287634322
469.0,-0.08183823759375486
470.0,-0.2124813668151368
471.0,-0.20947032769266738
472.0,0.33271090444797385
473.0,-0.23253109698912128
474.0,-0.15104682590120916
475.0,0.21422462763112105
476.0,0.20742627998314384
477.0,-0.18631631098402357
478.0,-0.15301252184592629
479.0,-0.052035232262996334
480.0,0.3083971636345478
481.0,0.2867955080381237
482.0,-0.062016281345170565
483.0,0.37162711339547233
484.0,0.5193940739100515
485.0,0.12988528429770102
486.0,0.12231772548312403
487.0,-0.055795166806388574
488.0,-0.18385522814285893
489.0,0.41317256864880886
490.0,0.28784652111642633
491.0,-0.26959879288614996
492.0,-0.20816444595969838
493.0,-0.15652986775505226
494.0,-0.030162945364350102
495.0,-0.20140988979742216
496.0,-0.2738160364722769
497.0,0.2338885776268192
498.0,-0.20179887327245738
499.0,0.12473661690220184
500.0,0.44801503118585984
501.0,-0.05893257944916508
502.0,0.19459731141178854
503.0,0.17718141500978424
504.0,0.6785160538255139
505.0,-0.14544641121330573
506.0,0.31732294888765883
507.0,-0.11300203081723076
508.0,0.14437859333213282
509.0,0.2745363281896638
510.0,-0.22147896901888106
511.0,0.5617680910179772
512.0,0.23726209879205612
513.0,0.41667435565799377
514.0,-0.21567748488058358
515.0,0.11607721634576573
516.0,0.013968824390306167
517.0,-0.12489372028562351
518.0,-0.01559280805465424
519.0,0.027799817018870965
520.0,0.5009373900964778
521.0,-0.2533559656943297
522.0,-0.21138954041395042
523.0,-0.09779084989565395
524.0,-0.22109673309570527
525.0,-0.016241900162310863
526.0,-0.13817045930616684
527.0,0.1737381081658147
528.0,-0.017729998800437463
529.0,0.06460926700522918
530.0,-0.03030381284136302
531.0,-0.2399297269110927
532.0,-0.20395643321311818
533.0,0.19275478375470217
534.0,0.033854173140037136
535.0,-0.12806100588591723
536.0,0.36967760623256307
537.0,-0.153311670012711
538.0,0.32543132631254135
539.0,-0.2719428285403361
540.0,-0.06296795428761037
541.0,-0.23427111680039148
542.0,0.011851201826821978
543.0,-0.21094131396054966
544.0,-0.037420955063124206
545.0,0.01600345698484923
546.0,0.10433153648077054
547.0,0.3945038496842147
548.0,0.3904406563740735
549.0,-0.1629728596138554
550.0,-0.2090458022722875
551.0,0.04797907102226917
552.0,-0.006837955674179552
553.0,-0.19865652288663432
554.0,0.08361392472606077
555.0,0.16021028250951858
556.0,0.37791281080682015
557.0,0.47924632578348514
558.0,-0.1934915683904766
559.0,-0.16242155674983683
560.0,0.17724288880038935
561.0,-0.1721946755070708
562.0,-0.027985559601445442
563.0,0.10089888454296725
564.0,0.06733673725746503
565.0,0.02542658233271089
566.0,0.3415965847044941
567.0,-0.17062194916550638
568.0,0.10718942785308638
569.0,-0.11994478286089871
570.0,-0.03552580303736602
571.0,-0.20764321968084853
572.0,-0.18081475557611443
573.0,0.4390192390059755
574.0,-0.10800662665491789
575.0,-0.02908371219346728
576.0,-0.09724448133910407
577.0,-0.06206571896932006
578.0,0.13324274545238113
579.0,0.12805436681039778
580.0,-0.2473141324756714
581.0,0.2653174778124764
582.0,0.12380947110448953
583.0,-0.24453009017765592
584.0,-0.2487200434788507
585.0,0.44019278813114615
586.0,0.18105260715006088
587.0,0.3796649871064322
588.0,0.004817451430532638
589.0,-0.022292264089047886
590.0,0.10230917446839277
591.0,-0.06671322374365846
592.0,-0.11600324389224753
593.0,0.18028651425572667
594.0,0.38643626434976297
595.0,-0.1519277654552077
596.0,0.37460855117252045
597.0,-0.15020690619258256
598.0,0.07712653564038335
599.0,0.033772687967252135
600.0,-0.1576469358631957
601.0,0.46694310286569696
602.0,-0.00031649730860244807
603.0,0.12572805041704221
604.0,-0.18370634080703438
605.0,-0.004015919754278285
606.0,-0.1682127582836718
607.0,-0.04220807143150107
608.0,-0.22904428923404416
609.0,0.07744618575071538
610.0,-0.19437221692810908
611.0,-0.1599563850204301
612.0,-0.20832793901218544
613.0,0.14670010038940318
614.0,0.10826308813945151
615.0,-0.15998008749111126
616.0,-0.05745628633210992
617.0,-0.061111526153553364
618.0,0.18556443900249942
619.0,-0.1706878560807184
620.0,-0.08395791348602738
621.0,0.45637544466088226
622.0,-0.09926605322425724
623.0,0.35467605215163195
624.0,-0.10949665825053773
625.0,0.5662555762711579
626.0,-0.2222788550215412
627.0,0.35847219806292235
628.0,-0.20955433108862984
629.0,0.5510449717934534
630.0,0.05971735507394088
631.0,0.07533870525689451
632.0,-0.14682421227676282
633.0,-0.24661466001892915
634.0,-0.24588586375553445
635.0,0.19773266289457603
636.0,-0.15181694390351338
637.0,-0.20666286908951037
638.0,-0.21428318509362812
639.0,-0.018582572845521117
640.0,-0.12295354837220956
641.0,-0.13354549929260043
642.0,-0.09135853307951469
643.0,0.3015439296049035
644.0,-0.2436245355554022
645.0,0.24417501964616573
646.0,0.12407457843691966
647.0,0.09232620660771573
648.0,0.08559518214973227
649.0,0.17519053766232795
650.0,0.23965754335257033
651.0,-0.1103481490783414
652.0,0.13082601444579972
653.0,0.0417143009201254
654.0,0.18556096593326654
655.0,0.06686840647619519
656.0,0.34595992230394185
657.0,-0.13330705547497743
658.0,-0.02772433726584267
659.0,-0.09328279914705251
660.0,0.23772664721935077
661.0,-0.17584128172124172
662.0,-0.1065128131747688
663.0,-0.07023974139115469
664.0,0.04392548536336044
665.0,-0.005739026387482915
666.0,-0.1662744028721364
667.0,-0.05931275929240498
668.0,0.03336441073421331
669.0,-0.07569989929399162
670.0,0.04015885763678112
671.0,-0.225080179704946
672.0,-0.09526902118550884
673.0,-0.09190544031633824
674.0,-0.24772218627207246
675.0,-0.09771062825607923
676.0,-0.08860198747735021
677.0,1.0243916534582769
678.0,-0.09437846795776011
679.0,-0.07057072698921035
680.0,0.10427770926870111
681.0,-0.14580969297573693
682.0,-0.1835109529020565
683.0,-0.024285276634569808
684.0,-0.1889898587705059
685.0,0.2875391427586177
686.0,-0.24114171831885595
687.0,0.2252299697637351
688.0,-0.15912442663356524
689.0,0.2848880832722828
690.0,-0.10031923507751078
691.0,-0.21800069069469621
692.0,0.008909665240478426
693.0,0.36660211025328066
694.0,0.46714254268983046
695.0,-0.16478177757309412
696.0,0.4545644157443285
697.0,-0.20099761325779092
698.0,0.07705727811757074
699.0,0.4419175114266512
700.0,0.06434149577080889
701.0,0.549728131735958
702.0,-0.003384021328915743
703.0,0.22695027576436866
704.0,-0.16061373447043129
705.0,-0.005783740734237264
706.0,-0.11611483420530788
707.0,-0.203202368434232
708.0,0.3847881343829451
709.0,-0.155625429440346
710.0,-0.15652845719916805
711.0,-0.15404318294444982
712.0,-0.0713513333640517
713.0,-0.0652653424066798
714.0,-0.08237421318041749
715.0,-0.12350227861639171
716.0,0.5690162388584219
717.0,0.03135396192084078
718.0,0.3658558068251233
719.0,-0.008257433517750046
720.0,0.09907124096896963
721.0,-0.09170118047939763
722.0,-0.09397690455522106
723.0,-0.13706538460508438
724.0,-0.08256217421501744
725.0,-0.21402125912199582
726.0,0.048851147534966666
727.0,-0.043175102584480596
728.0,-0.03312534180457549
729.0,0.026417032811877794
730.0,-0.2629830762292065
731.0,0.3640228445938263
732.0,-0.015160581122244443
733.0,0.20890391620192084
734.0,-0.22686970059557213
735.0,-0.20427011163936576
736.0,0.11233921344373715
737.0,-0.2199818875288363
738.0,0.18743783935549962
739.0,0.2372610597624601
740.0,-0.16483047346762114
741.0,0.09406136426169998
742.0,0.14761277924975968
743.0,-0.2339028693536777
744.0,0.2888404293462315
745.0,-0.22932679422057597
746.0,0.8135927699036876
747.0,-0.21280430763041483
748.0,0.0865101882702276
749.0,0.11167881625883547
750.0,0.3269577466421583
751.0,0.3064917696839262
752.0,0.23180788308565398
753.0,0.14562124267053878
754.0,-0.027372345709225032
755.0,-0.17213593511398642
756.0,-0.09216144684814959
757.0,-0.06552526969592504
758.0,0.006883876119240684
759.0,-0.10934824025352291
760.0,0.25996586866155985
761.0,-0.10455825002962216
762.0,-0.15958966252339904
763.0,-0.2191145942793663
764.0,-0.07970483604582623
765.0,0.27901554026802466
766.0,0.07980714694234209
767.0,-0.04202121479542387
768.0,0.06422266461283432
769.0,-0.04185777558862469
770.0,0.038116150368325
771.0,-0.12487356727460944
772.0,0.00756711172940433
773.0,-0.16401244135942222
774.0,-0.17856707459027515
775.0,0.5393527176944763
776.0,-0.0539215122693843
777.0,-0.076619374512858
778.0,-0.06965822894696932
779.0,0.09196147723392262
780.0,-0.0006574785068361177
781.0,0.13586272495228996
782.0,0.34674602873883453
783.0,-0.12206029126611476
784.0,-0.0016340846827616606
785.0,-0.032704113389100786
786.0,-0.037336551609018276
787.0,0.13084065103289227
788.0,-0.19062187771543831
789.0,-0.1828115876525565
790.0,0.05171870404324569
791.0,0.13592027920828675
792.0,0.2253712474237834
793.0,-0.17417760661775436
794.0,0.03057301613008312
795.0,-0.038309996567649385
796.0,-0.16561647565455892
797.0,-0.22586603634249477
798.0,0.05048153197942673
799.0,0.06078836316264441
800.0,0.11186251925086055
801.0,-0.041488283878308996
802.0,-0.17659433374815314
803.0,0.03395393338112668
804.0,0.002534120210814894
805.0,0.033412128616693404
806.0,0.0964989972121047
807.0,-0.07554516926020977
808.0,0.16297312127579922
809.0,0.15101539780259532
810.0,0.5468191272390288
811.0,0.18106288305245039
812.0,-0.21896122176783345
813.0,-0.0739666070134436
814.0,0.2007974941093052
815.0,0.07285798703538376
816.0,-0.1202360404795002
817.0,-0.2511344439297526
818.0,0.5065321962025098
819.0,-0.2456512794846086
820.0,-0.010513046003639948
821.0,0.3010728977520386
822.0,0.39759187418854297
823.0,0.5077558783632905
824.0,0.30673413881277867
825.0,-0.19776037761273288
826.0,0.25133206659554896
827.0,-0.0018810828624980513
828.0,0.28990571482043026
829.0,0.1773995333488262
830.0,-0.2504189515167392
831.0,-0.24643097268506656
832.0,-0.10638413733137703
833.0,0.41365830911480184
834.0,-0.0813342005566916
835.0,-0.014241994884476583
836.0,0.14042986373764005
837.0,0.16318471360879638
838.0,-0.09766657946561225
839.0,-0.1650279334336584
840.0,0.28320335846921774
841.0,-0.06295782999364008
842.0,-0.09712435546051673
843.0,-0.17185315270735962
844.0,-0.13464807613992946
845.0,-0.07642466621480948
846.0,-0.105079602263834
847.0,0.08528631033868778
848.0,-0.20025562401173477
849.0,-0.1615278415363643
850.0,-0.15364841233711285
851.0,-0.04370796082918671
852.0,-0.0656175019043676
853.0,-0.18393983772891404
854.0,-0.20482404690060316
855.0,0.23779575533310449
856.0,-0.12017400569346903
857.0,-0.12161990320373911
858.0,-0.02733193126282657
859.0,0.24200836708217177
860.0,0.12157291876032339
861.0,-0.15363919878728663
862.0,0.16464342823175065
863.0,-0.22378080981694198
864.0,-0.05380851778173723
865.0,0.03427864827095939
866.0,0.3797143864738225
867.0,-0.10876560973134208
868.0,-0.13828744791160688
869.0,-0.18567083705724047
870.0,0.41824012161895724
871.0,0.042136015973529284
872.0,-0.1309567540613674
873.0,-0.12792943114155975
874.0,-0.26562382939377505
875.0,0.15308663489307045
876.0,0.8583715387360351
877.0,0.0879822468991247
878.0,0.4149502142470843
879.0,0.12645847716023456
880.0,-0.22587112587001362
881.0,0.2746649767512464
882.0,-0.11088891109395543
883.0,0.30537716674212545
884.0,0.2570028964547483
885.0,-0.14962049875174221
886.0,-0.14937276304442315
887.0,0.037586636987742506
888.0,-0.15562489805397164
889.0,-0.22256250597873836
890.0,-0.07391013509697236
891.0,-0.2315818847506931
892.0,0.26367479615934203
893.0,-0.20009864552636844
894.0,0.42179837124644043
895.0,0.3931710229651003
896.0,-0.0411442088732204
897.0,-0.005369808958797795
898.0,-0.002004382428856921
899.0,-0.11883290102161792
900.0,-0.23622543919575922
901.0,0.1723800175559323
902.0,0.08532397648075879
903.0,0.5460156400081755
904.0,-0.09540002911102707
905.0,-0.24802564333540011
906.0,-0.12651312288768418
907.0,0.2643347487968566
908.0,0.3611058414873255
909.0,0.2602900265892421
910.0,-0.025007045447662024
911.0,0.13781799394775646
912.0,0.028498448278333033
913.0,0.10108989160996534
914.0,-0.19489276177763282
915.0,-0.18152476131641787
916.0,-0.2226850336078471
917.0,-0.25819623215733284
918.0,0.42888718950466537
919.0,0.26401424074125773
920.0,-0.07499831594048839
921.0,0.15879268538259217
922.0,0.0939280057840235
923.0,-0.10523783423904909
924.0,-0.047909910284848145
925.0,0.019838137706360948
926.0,-0.11923607207144632
927.0,-0.21692732888970265
928.0,0.07148218833941666
929.0,-0.06746950426761128
930.0,-0.08365149828521351
931.0,-0.07425966310687188
932.0,0.7046246531259923
933.0,-0.11753342327616362
934.0,0.5806263441172557
935.0,0.4218297099220783
936.0,0.2415278043892118
937.0,0.07792082592330912
938.0,0.07214661102653647
939.0,-0.07981708845292496
940.0,-0.07887234055124914
941.0,-0.05561766197057949
942.0,-0.05658463137358205
943.0,-0.17104209021477354
944.0,-0.1050747182379807
945.0,0.1988935233101215
946.0,-0.1614425385326306
947.0,-0.15020622601985562
948.0,0.10163221942697476
949.0,-0.22959569878379418
950.0,-0.039627456002099326
951.0,0.13316226509324197
952.0,0.7515478351106195
953.0,-0.15714279729603642
954.0,-0.06644687216166623
955.0,0.26253633884018
956.0,0.07374641534100485
957.0,-0.17193565115114776
958.0,0.832773363197223
959.0,0.2620711545415189
960.0,-0.15379595081409841
961.0,-0.16598528236337223
962.0,-0.17059395063340688
963.0,-0.15338789019845994
964.0,-0.21930365858970688
965.0,-0.12254629198965167
966.0,0.3501752459798963
967.0,-0.19944027475541834
968.0,-0.061140917529498684
969.0,0.23916203641355116
970.0,-0.11527480799387257
971.0,0.5668132519407669
972.0,0.3498090320210398
973.0,-0.12840358311419353
974.0,0.20390026600278555
975.0,0.16131126621206732
976.0,0.0718631050257812
977.0,-0.22259892760268907
978.0,-0.24925438659649213
979.0,-0.15794822915899467
980.0,-0.10752585454798935
981.0,-0.125321345165387
982.0,0.06471173629199284
983.0,-0.07430443223332495
984.0,0.33752743646678796
985.0,-0.16639912781099964
986.0,0.8822261996537747
987.0,0.4089193314862482
988.0,-0.15896305749851594
989.0,0.03443206002775073
990.0,0.42896960004272106
991.0,-0.20012588428100644
992.0,-0.00033539538819443715
993.0,-0.049227448577536914
994.0,0.06406385830510775
995.0,0.26928924155641815
996.0,0.10642507967731485
997.0,0.24191148367467274
998.0,-0.009386033109180403
999.0,-0.04865026469874173
1000.0,0.010310670523978493
1001.0,-0.09101372626610327
1002.0,-0.11677643201622656
1003.0,0.019990275387061107
1004.0,-0.25466935169332955
1005.0,-0.009290675783592828
1006.0,0.10252422567864017
1007.0,-0.22306095503472134
1008.0,-0.11206874118865134
1009.0,0.10507877070170335
1010.0,-0.11302902639972423
1011.0,0.5861473082043545
1012.0,0.11646391572878895
1013.0,-0.12720751769380506
1014.0,-0.1681480036643383
1015.0,-0.10174357940181505
1016.0,-0.07442503751366947
1017.0,0.04984605865962466
1018.0,0.3557103447358165
1019.0,0.3544319061843271
1020.0,-0.0028264614716826397
1021.0,-0.14376224349543237
1022.0,0.25874303087159617
1023.0,-0.21749537937368513
1024.0,-0.10566537941768911
1025.0,0.5643658055756986
1026.0,-0.2504282862874132
1027.0,0.043326129852421014
1028.0,-0.2612443008254557
1029.0,0.10041003276441418
1030.0,-0.27834486111664297
1031.0,-0.0199076294826811
1032.0,-0.18547735368164017
1033.0,0.3977190256662519
1034.0,-0.12831351799150076
1035.0,0.21442320878397775
1036.0,0.0733626252601004
1037.0,0.30230734993009306
1038.0,-0.2180360257898905
1039.0,-0.14201768391058484
1040.0,-0.20185634881855546
1041.0,0.14628781764254306
1042.0,-0.28179157344122013
1043.0,-0.2742977747209964
1044.0,0.2612576722494516
1045.0,0.5822121337167441
1046.0,-0.07812195941503314
1047.0,0.9941925819211852
1048.0,0.4211841212710824
1049.0,-0.07210783614294408
1050.0,0.28848912882071354
1051.0,1.1820499196116159
1052.0,0.40349870663092474
1053.0,0.19023299515864167
1054.0,-0.06869003793472905
1055.0,0.0741591413744413
1056.0,-0.11471199114607744
1057.0,-0.16278454558081767
1058.0,-0.1050197033798308
1059.0,-0.17125931982809076
1060.0,0.13710277084388045
1061.0,-0.15174137715654068
1062.0,-0.21403522068792363
1063.0,0.3481767208072662
1064.0,-0.04199772356829923
1065.0,-0.19005790740381318
1066.0,0.21141397137072115
1067.0,0.013994551418365198
1068.0,-0.1336568633479977
1069.0,0.2958532687070453
1070.0,0.12754416268085933
1071.0,0.03775385621664862
1072.0,0.15847257323637637
1073.0,-0.2629874799932674
1074.0,-0.18477151142756568
1075.0,0.17044700401266588
1076.0,-0.25286172678285357
1077.0,0.34148768526812606
1078.0,-0.0004073712441146071
1079.0,-0.07521493685413133
1080.0,-0.05433342656164275
1081.0,0.4131328652078885
1082.0,-0.18990332409012034
1083.0,0.6340032843833602
1084.0,0.07954557519903505
1085.0,-0.15714856309162448
1086.0,-0.27208385114905403
1087.0,0.14312278110030707
1088.0,-0.20691666896587116
1089.0,-0.08857152917764016
1090.0,-0.18694165175133637
1091.0,-0.11211633572391178
1092.0,-0.10029260943792245
1093.0,0.1554743872196261
1094.0,0.15266257270871092
1095.0,0.04489545607666684
1096.0,-0.10329600610958006
1097.0,0.563681888976906
1098.0,0.394556311696238
1099.0,0.057624974133966944
1100.0,0.1833876765621093
1101.0,0.2647757356550681
1102.0,-0.10132886103316108
1103.0,-0.10816448022700359
1104.0,0.04746438077197951
1105.0,-0.28537772894484215
1106.0,-0.029317942245595585
1107.0,0.5765084673330088
1108.0,0.028336019213683228
1109.0,-0.1285510138863048
1110.0,-0.2039392865822972
1111.0,0.26450333612452104
1112.0,0.02199138913926202
1113.0,0.29523855199791177
1114.0,-0.22129856347803126
1115.0,0.1918342734470732
1116.0,0.5403185668772797
1117.0,0.2346354414919697
1118.0,-0.21235554211411115
1119.0,-0.17160162706261178
1120.0,0.022201407660179473
1121.0,-0.11272367027871427
1122.0,-0.22212496765203937
1123.0,0.4101052979749141
1124.0,-0.0258655331528434
1125.0,-0.15168581987328142
1126.0,-0.17037715154531513
1127.0,-0.04647673570988736
1128.0,0.1418609080509956
1129.0,-0.0031728523340202597
1130.0,-0.0016814891352329164
1131.0,0.17449243667145004
1132.0,-0.11086163216258871
1133.0,-0.04831127906060806
1134.0,-0.0779471784490981
1135.0,0.260712971434597
1136.0,-0.18805637910967116
1137.0,-0.2503326863745748
1138.0,-0.16597690970974652
1139.0,-0.030993794023592425
1140.0,-0.2212826066928327
1141.0,-0.21511437938951683
1142.0,-0.26666262410005104
1143.0,0.29971004817267416
1144.0,0.03609746606846226
1145.0,-0.10013351953339322
1146.0,0.10081499139424216
1147.0,0.02769655040584701
1148.0,0.32113128701613236
1149.0,0.13714359278736776
1150.0,0.3682398128633006
1151.0,0.5322028974220968
1152.0,0.23142783066482558
1153.0,0.32969392323018937
1154.0,-0.09174573505787803
1155.0,0.06069922926536386
1156.0,0.18628832458838462
1157.0,-0.21253292659477271
1158.0,-0.016729547603153316
1159.0,-0.046875813127296495
1160.0,-0.13815545326848677
1161.0,-0.21865907813717753
1162.0,0.04051513834946735
1163.0,0.3571853589141213
1164.0,-0.08420015332946829
1165.0,-0.07279326366344718
1166.0,-0.07231600399743832
1167.0,-0.05857067661235432
1168.0,-0.22885911793162014
1169.0,-0.10811011327686465
1170.0,0.19428434825182905
1171.0,0.04071782323689832
1172.0,-0.11909352798938777
1173.0,0.07631903531067902
1174.0,-0.057963158443006646
1175.0,-0.23936393410705364
1176.0,-0.17658300207897468
1177.0,0.6238306825290196
1178.0,0.01767008817108251
1179.0,0.30317552499410394
1180.0,-0.2502701622016483
1181.0,0.03632221838986521
1182.0,-0.23131349510294505
1183.0,0.10117923433532122
1184.0,0.7189257314914106
1185.0,0.042804925689036044
1186.0,0.05947200810772918
1187.0,0.14997085023069368
1188.0,-0.17820770822381024
1189.0,-0.053100551013296915
1190.0,-0.25700650559400096
1191.0,-0.15136313748206623
1192.0,-0.2039249656021625
1193.0,0.17502739971476866
1194.0,-0.04956416234932398
1195.0,-0.15020450341812921
1196.0,-0.11621037071374601
1197.0,-0.19732065793459896
1198.0,-0.12442025341558044
1199.0,0.09646969020889917
1200.0,0.07576811457523946
1201.0,0.4342436092841705
1202.0,-0.2837160042036068
1203.0,0.1273097773226532
1204.0,-0.14897132663858217
1205.0,-0.03311699567879017
1206.0,0.08021382280826933
1207.0,0.7458794071591532
1208.0,0.04390701814147774
1209.0,0.4354784287487812
1210.0,0.027071132456437164
1211.0,-0.18802676135548213
1212.0,0.3154073162813226
1213.0,0.14192497869134674
1214.0,0.04108658140975885
1215.0,-0.05545093855227379
1216.0,0.6410073892384878
1217.0,-0.012414946369233015
1218.0,-0.039378665114817246
1219.0,-0.035932075582313205
1220.0,-0.10217610967944601
1221.0,-0.08434842558386418
1222.0,0.09725653763197395
1223.0,-0.03733894154599565
1224.0,-0.24708195027606775
1225.0,0.13489856478872542
1226.0,-0.009157596845932925
1227.0,0.13868725871660526
1228.0,0.3369451267126488
1229.0,0.3723207919597861
1230.0,-0.2684104980928673
1231.0,-0.14867098958729077
1232.0,-0.10429694510096882
1233.0,0.23797006768573287
1234.0,-0.16187769722671252
1235.0,0.18152606410025723
1236.0,-0.10289246863614726
1237.0,0.6013631657867402
1238.0,-0.16334525380952208
1239.0,-0.06988931419113492
1240.0,-0.13721954195067765
1241.0,-0.2352841564055526
1242.0,0.5522133967959978
1243.0,0.2744139687885398
1244.0,0.20864026420585124
1245.0,-0.09415146529001628
1246.0,0.34454795886951695
1247.0,-0.09782701458989235
1248.0,-0.18140669836147452
1249.0,-0.014309581355682832
1250.0,0.016088391943589464
1251.0,0.01083918937753503
1252.0,-0.2351739602957805
1253.0,0.08696390319244929
1254.0,0.021118368954902322
1255.0,-0.12835244390782607
1256.0,-0.09987502180130364
1257.0,0.1916900134068804
1258.0,0.11051777632158144
1259.0,0.36727727440768915
1260.0,0.15144321712424524
1261.0,0.4110762717778469
1262.0,-0.2735575075953519
1263.0,0.2963988579421976
1264.0,-0.042897915532780995
1265.0,0.08461735886902472
1266.0,0.01975438043480665
1267.0,-0.09451544776273535
1268.0,0.08029558526248404
1269.0,0.07928809876760762
1270.0,-0.20376757013426514
1271.0,-0.028851327467669496
1272.0,0.12766242446962783
1273.0,0.10408158211172286
1274.0,-0.040472267865494904
1275.0,-0.17282941808437405
1276.0,-0.2493729390530462
1277.0,-0.20146825818683345
1278.0,-0.04949430874097993
1279.0,-0.19391509197218681
1280.0,-0.24145763925093036
1281.0,0.2721140995573201
1282.0,-0.07481947111106452
1283.0,0.2800274805876448
1284.0,-0.1042821585793674
1285.0,0.12336535761912565
1286.0,-0.07862767241840479
1287.0,0.2785686875969877
1288.0,-0.23029122612913913
1289.0,-0.24443507683326446
1290.0,0.262626081836061
1291.0,-0.26953496125637677
1292.0,0.2751536585943255
1293.0,-0.10557933687699589
1294.0,-0.23091226467326736
1295.0,0.050646339665820606
1296.0,-0.15508625291157035
1297.0,-0.16427662862234146
1298.0,-0.26053129896090366
1299.0,0.27002709306238715
1300.0,0.0131110603527258
1301.0,-0.08348753088485561
1302.0,0.3536298738451092
1303.0,-0.15963179645826497
1304.0,0.11305932066407443
1305.0,-0.13209896371789193
1306.0,-0.20184009029486713
1307.0,0.07816646661563093
1308.0,0.34394156498638884
1309.0,0.28535805799001845
1310.0,0.12726009171671843
1311.0,-0.2791507959551074
1312.0,-0.20520107492211695
1313.0,-0.26678072388667035
1314.0,-0.2816033158663649
1315.0,0.14888786726633163
1316.0,-0.19588402041862485
1317.0,-0.14491032536690965
1318.0,-0.19016936807385681
1319.0,-0.03773593891163535
1320.0,0.01017719511401316
1321.0,-0.1340361743128527
1322.0,-0.05753735168223756
1323.0,0.7196795628755659
1324.0,0.392635602303735
1325.0,0.021762242848772928
1326.0,-0.10305194820132196
1327.0,-0.14317342313839765
1328.0,-0.2835130654804716
1329.0,0.6913757743290518
1330.0,0.6129515439471991
1331.0,0.6713698028865009
1332.0,-0.07790205667356659
1333.0,-0.014933984555961899
1334.0,-0.04983697585514457
1335.0,0.018347650580866737
1336.0,-0.0060160817890673735
1337.0,0.05337564534999528
1338.0,0.06501103927599894
1339.0,0.38027219639832405
1340.0,0.42041166345632486
1341.0,0.44887116077820505
1342.0,-0.2410052353276664
1343.0,-0.1067251540725635
1344.0,0.7799803113652176
1345.0,-0.0473434983502557
1346.0,-0.11432468801889706
1347.0,0.13770460958493186
1348.0,0.3459445348697458
1349.0,-0.05634569384538429
1350.0,-0.12469501344222089
1351.0,0.19343049547727942
1352.0,0.051375062916039826
1353.0,-0.1630109355045109
1354.0,0.16264021718252814
1355.0,-0.1324288119981834
1356.0,-0.054521260101375923
1357.0,-0.12231102689714884
1358.0,0.24670147015852478
1359.0,-0.09354435855458354
1360.0,0.320018812081251
1361.0,-0.10357464757192208
1362.0,0.06356857640036045
1363.0,0.15125505312935766
1364.0,-0.17495673181064778
1365.0,0.005935467366783853
1366.0,0.043918778985943874
1367.0,-0.01075784049388645
1368.0,0.5123630385269217
1369.0,-0.062111622732275884
1370.0,0.13494242207151447
1371.0,-0.09260243497453108
1372.0,-0.18510253785458358
1373.0,-0.06931473444751779
1374.0,-0.1733676631976124
1375.0,-0.08716046893062995
1376.0,0.2015778060069348
1377.0,-0.18193975123772746
1378.0,-0.21518269965079362
1379.0,-0.23867824473450502
1380.0,0.27060997656909846
1381.0,-0.29027780483132704
1382.0,0.28105026304316566
1383.0,-0.2032994130061059
1384.0,0.4283004200576875
1385.0,-0.2506910017358007
1386.0,-0.009984688131308317
1387.0,0.16130684925255345
1388.0,0.018582856292587324
1389.0,-0.2706077801991359
1390.0,0.030747820772469125
1391.0,0.3011811124765588
1392.0,0.29693086301442145
1393.0,0.06215495090920836
1394.0,-0.03169123070028551
1395.0,-0.0031048381980110507
1396.0,0.17084620943177464
1397.0,-0.001483532326079673
1398.0,-0.21830415572128892
1399.0,-0.03945531652747475
1400.0,0.5626199793494624
1401.0,-0.24447161570428355
1402.0,0.00024122426731532087
1403.0,0.5057539099301018
1404.0,-0.2962946835087542
1405.0,-0.08458401917798852
1406.0,-0.2770273717633296
1407.0,0.3096508256910257
1408.0,0.485305320975438
1409.0,-0.1187078948657116
1410.0,0.09023993857863838
1411.0,-0.2562428411354236
1412.0,0.3526987670619834
1413.0,0.38969822844892166
1414.0,0.062078005512901935
1415.0,-0.11186847479890993
1416.0,0.2206415721770829
1417.0,0.6183440955600799
1418.0,-0.02323798943813188
1419.0,0.018178292871646684
1420.0,0.547684707657114
1421.0,0.17670456487572428
1422.0,-0.10316618193423105
1423.0,0.17314686944274033
1424.0,-0.1368335730262908
1425.0,0.13568147858789842
1426.0,0.049951740543094814
1427.0,0.48554325152826044
1428.0,0.4275073812656576
1429.0,-0.25926264188752846
1430.0,-0.23756051522989907
1431.0,-0.2897128519345606
1432.0,-0.29309791826642373
1433.0,0.2674843181847774
1434.0,-0.2776800004833988
1435.0,0.2940007790678087
1436.0,-0.25623395228071627
1437.0,-0.011604134218125561
1438.0,-0.08743150769039854
1439.0,-0.23779986953393986
1440.0,0.06332727904417279
1441.0,0.8662591807460578
1442.0,0.2283183985618747
1443.0,-0.1991219175228755
1444.0,-0.27621759256812706
1445.0,0.27519890906389577
1446.0,0.1445056354807538
1447.0,-0.2580855595264041
1448.0,-0.0974560381400329
1449.0,0.1730989312261494
1450.0,-0.054878523675259805
1451.0,-0.2271792874023095
1452.0,0.056217234418521
1453.0,-0.26306854073289687
1454.0,0.5328476312094315
1455.0,0.006302382389341943
1456.0,-0.012412880106263402
1457.0,0.4018949299440077
1458.0,0.0032461070636723988
1459.0,-0.09973024896130683
1460.0,-0.045638181016223134
1461.0,0.1936509373136875
1462.0,-0.13869710081426095
1463.0,-0.0802561667162845
1464.0,-0.30125017968689793
1465.0,-0.17922999340017953
1466.0,-0.280354056576464
1467.0,0.055564027669177396
1468.0,0.32014303597504457
1469.0,0.13325263139782756
1470.0,0.41667959051787556
1471.0,-0.03786503104294625
1472.0,-0.25563264992719037
1473.0,-0.2359337010016154
1474.0,-0.07760506346387591
1475.0,0.23071467894597952
1476.0,0.12440114530877916
1477.0,0.14334455405351726
1478.0,-0.033540860707552356
1479.0,-0.09528218912735958
1480.0,-0.1783324260918239
1481.0,0.6164669023694431
1482.0,-0.17396531045939356
1483.0,-0.19121719498039846
1484.0,0.03639599740696092
1485.0,0.2622405846373737
1486.0,-0.10247117789527355
1487.0,-0.12931587063448907
1488.0,-0.14714899087815453
1489.0,-0.04416757424697032
1490.0,0.49264515229037986
1491.0,0.48655300563712633
1492.0,0.33205043929645284
1493.0,0.0936699288960196
1494.0,-0.1667911048611977
1495.0,-0.1382602163446477
1496.0,-0.0977301310472703
1497.0,-0.22652209903081658
1498.0,-0.20326746042010002
1499.0,0.5133806592185843
