Time,residuals
0.0,0.1771200594041375
1.0,0.12563613541725505
2.0,-0.0022707472626140035
3.0,0.3605234281517035
4.0,-0.12540988248298462
5.0,-0.11320313400991261
6.0,0.1271043024647115
7.0,-0.024609365256717364
8.0,0.011253865129808638
9.0,0.34608950852823667
10.0,-0.03568188070653991
11.0,-0.011463133453106289
12.0,0.17403987528620501
13.0,0.0877481046975303
14.0,0.4295711389593963
15.0,-0.06166273624514493
16.0,0.04558403820517387
17.0,-0.09995097302191827
18.0,0.17689295553837225
19.0,0.05978780472315859
20.0,-0.1579772585174374
21.0,-0.1324781352016069
22.0,-0.12426992938491022
23.0,0.460968778851805
24.0,0.053364040711158134
25.0,-0.09967766439244721
26.0,0.22437858531992433
27.0,0.1390772545223815
28.0,-0.02650782477431657
29.0,0.28427117245687356
30.0,-0.13801227859008552
31.0,-0.023027599461514642
32.0,-0.05411968634175518
33.0,-0.15632327968272297
34.0,-0.13210444343855648
35.0,-0.10355200786288363
36.0,-0.10692836287167329
37.0,-0.08308309280099907
38.0,-0.04025141444146957
39.0,-0.10360189614522503
40.0,-0.12788214216610944
41.0,-0.041057643613020056
42.0,0.026900161242622456
43.0,0.3690309252050891
44.0,0.3044116128533341
45.0,0.22332088968921243
46.0,-0.022230891001117192
47.0,-0.040402997457717305
48.0,-0.10862193648426696
49.0,-0.09193597882914689
50.0,-0.1316681709770791
51.0,0.3499019366415226
52.0,0.6055158594926551
53.0,-0.09181090317199023
54.0,-0.14616160311409443
55.0,-0.13142238217785598
56.0,-0.1458294083758128
57.0,-0.10571651349264016
58.0,-0.032983850642552826
59.0,-0.06337526579896563
60.0,-0.04196793260022158
61.0,-0.11570059964168772
62.0,-0.14032654634394906
63.0,-0.11119756725419477
64.0,0.1258662913228547
65.0,0.048254639718960546
66.0,0.02847174435661559
67.0,0.32824263488419686
68.0,0.052470354004853725
69.0,-0.015475772296900947
70.0,0.12819721483377328
71.0,0.5288454208761787
72.0,-0.048383780925283976
73.0,-0.025941688815625474
74.0,-0.0413267374410462
75.0,0.12644296460508025
76.0,0.06032798348278823
77.0,-0.16164631045455802
78.0,-0.08937425368370067
79.0,-0.1375185278961207
80.0,-0.1386337798648459
81.0,-0.02542441010509311
82.0,-0.1392385812091595
83.0,-0.16025691057642974
84.0,-0.032656696454530315
85.0,0.23039533097363052
86.0,-0.019400968510546124
87.0,-0.10609175974389681
88.0,-0.15564730787224335
89.0,0.17546230604616092
90.0,0.014523392293894988
91.0,0.2288955142941262
92.0,0.2264057620427924
93.0,-0.08200453406288916
94.0,0.229524495934131
95.0,-0.11647326416195064
96.0,0.4584044358601508
97.0,-0.18126841327217494
98.0,-0.15877512223984383
99.0,-0.07512244819665678
100.0,0.00808405637671028
101.0,0.33675479141903125
102.0,-0.1673824031283997
103.0,0.015088660999343029
104.0,-0.02497999354826369
105.0,0.1290309071946935
106.0,-0.1301350916095876
107.0,0.12605947881377227
108.0,-0.13601958881880336
109.0,-0.06850650483199319
110.0,-0.04401096611871935
111.0,-0.06331391365738051
112.0,-0.14325465925779055
113.0,-0.10130084842522682
114.0,0.15046443232840373
115.0,-0.12350913041583442
116.0,-0.16825621319938466
117.0,-0.11386383413783657
118.0,-0.13508751991752074
119.0,-0.15090256691136736
120.0,-0.07013390465588171
121.0,-0.0063605207859304125
122.0,0.04707556104288557
123.0,0.1209598598171972
124.0,-0.11658632274005698
125.0,0.009702890004952003
126.0,0.0015894464899647853
127.0,-0.06376451615803885
128.0,-0.026539258918063358
129.0,0.5488933167065153
130.0,0.3355979528498789
131.0,-0.026146379804327602
132.0,0.06173360750214835
133.0,0.041827763222790526
134.0,0.13898430933752376
135.0,0.2679382719276045
136.0,0.14861529814158975
137.0,-0.0829204799414564
138.0,-0.080469272155474
139.0,0.14467315926799884
140.0,0.030301209194496637
141.0,0.453212277785595
142.0,0.40595601894729827
143.0,-0.15114807361041346
144.0,-0.045444338942235735
145.0,-0.12895873457437906
146.0,-0.16419907875813788
147.0,0.09147747298593356
148.0,-0.15212165661316993
149.0,0.10658437944103633
150.0,0.40862610709062064
151.0,0.08325793534102088
152.0,0.11135170504606867
153.0,-0.17902341345208966
154.0,-0.04172856869032726
155.0,-0.06088162765996208
156.0,-0.018136626768341824
157.0,-0.11398394356142527
158.0,-0.12557993175051912
159.0,0.6393073237309448
160.0,0.31989449798222896
161.0,-0.16972389251216535
162.0,-0.18242314223063866
163.0,0.3984985050671028
164.0,-0.09008769562691116
165.0,0.1549004254503905
166.0,0.21102693687617985
167.0,-0.022534053293235767
168.0,-0.1759903874869554
169.0,0.10886199452423156
170.0,0.12760632921439957
171.0,0.0991386077542703
172.0,0.6128186520045645
173.0,-0.1863745115642954
174.0,-0.12045510786064692
175.0,-0.005516416428563986
176.0,-0.0518944314126602
177.0,0.08480354912736116
178.0,0.28133303498752976
179.0,0.13375313138382539
180.0,0.009252106323528186
181.0,0.08901432678275534
182.0,0.06832998488701086
183.0,-0.07788811595822168
184.0,0.268480643305618
185.0,0.27708205547482345
186.0,0.4956341110842735
187.0,0.11265828171641323
188.0,-0.19919434733448638
189.0,-0.14825164104744015
190.0,-0.05131971443019312
191.0,0.027677699894203545
192.0,-0.12491537160040245
193.0,0.3756267907550212
194.0,-0.145653592398274
195.0,-0.027226146384368488
196.0,-0.16744812431293798
197.0,0.12946231797881658
198.0,-0.14371429457663074
199.0,-0.08691472465220768
200.0,0.2000054069159775
201.0,0.46895211271917914
202.0,-0.13964153869490284
203.0,-0.18984832178937705
204.0,0.24354478647164635
205.0,0.07825485872573806
206.0,0.3063895563830686
207.0,0.24473243021331464
208.0,-0.135239989893264
209.0,0.004114165737869269
210.0,-0.1442610443696452
211.0,0.10320149840280901
212.0,0.5122386384265185
213.0,-0.05707021073338897
214.0,-0.07499242331008849
215.0,0.43585512333897586
216.0,0.3674981679817749
217.0,-0.10439322961032083
218.0,0.28504796473768895
219.0,0.2159694805446754
220.0,0.13627801696431285
221.0,-0.049746235245581305
222.0,-0.1962034016675417
223.0,-0.03304982230279463
224.0,-0.046842024450475805
225.0,0.08778131344535806
226.0,-0.19368582360017622
227.0,-0.1519173685039791
228.0,-0.16130864551939142
229.0,-0.13700247980473837
230.0,-0.1465859955289371
231.0,0.07312704736697856
232.0,0.02986208055108841
233.0,-0.11351107136985272
234.0,-0.016248712852210023
235.0,0.10920517823015807
236.0,0.20686785870772723
237.0,-0.012251958040611688
238.0,-0.16998703236000168
239.0,0.007443432751198631
240.0,-0.06541752152996883
241.0,-0.06599644335380817
242.0,0.15421007727469416
243.0,-0.17694672467634343
244.0,-0.08205955482154384
245.0,0.3857120965165711
246.0,0.28594797809518574
247.0,-0.009076769271514407
248.0,-0.03093192937030187
249.0,-0.028766141461121608
250.0,0.27353865216431494
251.0,0.03947705280259872
252.0,0.09473487352220583
253.0,-0.16220474506765292
254.0,0.46705600684196263
255.0,-0.06699013874997142
256.0,-0.07136515095545551
257.0,0.540709343627271
258.0,-0.1593188315201668
259.0,-0.11211497080399555
260.0,-0.13885480231254338
261.0,-0.17750873985107607
262.0,-0.08754036877698143
263.0,0.022856018468602357
264.0,0.306772121637654
265.0,-0.033014026132421326
266.0,0.014649131685039729
267.0,-0.09452898131667678
268.0,-0.19324417022052948
269.0,0.09582644963460829
270.0,0.07068688059717343
271.0,-0.10773134486844202
272.0,-0.12085926101835981
273.0,0.5158474136566089
274.0,-0.19285309733438144
275.0,0.007852985548514935
276.0,0.19604518306005653
277.0,0.2669591381414933
278.0,-0.15948012240757498
279.0,0.5185054730110219
280.0,-0.09626026440881699
281.0,0.06497234900914672
282.0,-0.18175444394825183
283.0,-0.10557341235916828
284.0,-0.10771317971279384
285.0,-0.09537347622035408
286.0,-0.06826495592740794
287.0,0.34498836179985587
288.0,0.19225949332858522
289.0,-0.11759904380271724
290.0,-0.18521511035147287
291.0,-0.1022224078825307
292.0,-0.12168642149699499
293.0,0.1665004876810144
294.0,-0.1443611689748508
295.0,0.0498334587968699
296.0,0.11353490415677547
297.0,-0.11858476192412679
298.0,0.1636599567201823
299.0,0.0273887388345902
300.0,-0.1462527286524558
301.0,0.09152917871239169
302.0,0.6533462507822025
303.0,0.42611849793593115
304.0,-0.06996544051674519
305.0,0.09068733960062164
306.0,0.43933848960160055
307.0,-0.1450617850546965
308.0,-0.04086499665130097
309.0,-0.14241149248517193
310.0,-0.039213502782533244
311.0,-0.15945346826723136
312.0,0.30722872082865427
313.0,-0.06925923173302984
314.0,0.1053406368516061
315.0,0.1675960526539741
316.0,-0.08761612643910588
317.0,0.02035795043780597
318.0,-0.04056343093349171
319.0,0.0998612623889884
320.0,-0.007800602974373905
321.0,-0.08822657200039824
322.0,-0.17011301929132314
323.0,-0.10263535165958623
324.0,-0.004610096091246907
325.0,-0.058729575798289024
326.0,-0.037862345922018203
327.0,-0.11162885137305159
328.0,0.055829925247597556
329.0,-0.10356407457571448
330.0,-0.04600716203704136
331.0,-0.16747639060565833
332.0,-0.026767191299449655
333.0,-0.001326695580578796
334.0,-0.11163410465813473
335.0,0.16358909988661913
336.0,0.4353632967799362
337.0,0.02944953705493597
338.0,0.10823066674456994
339.0,-0.08381187166331028
340.0,-0.015999537670558228
341.0,-0.04438847609405741
342.0,0.14686910049052337
343.0,-0.040775917284667784
344.0,0.13778468162273783
345.0,0.09732186321177039
346.0,0.051805266340448686
347.0,0.0953692548824846
348.0,0.12284485666626194
349.0,0.17011342712507538
350.0,0.23849990697858164
351.0,-0.00876678750370724
352.0,-0.04355750254089627
353.0,-0.10444841251469594
354.0,-0.03371385137003066
355.0,0.16258759375347748
356.0,0.30916908922023895
357.0,0.051266220663617634
358.0,-0.15357131195874518
359.0,-0.027167392830210663
360.0,0.29010006786020587
361.0,0.3074473685381349
362.0,-0.15201063301123324
363.0,0.4922159983253706
364.0,0.18882705631302865
365.0,0.17439169770038532
366.0,-0.001166972711502512
367.0,0.00872201469284184
368.0,0.10033350019473825
369.0,-0.10330440929553489
370.0,0.2587009809788883
371.0,-0.04423538854229847
372.0,-0.022297876248429105
373.0,0.37200202126596676
374.0,0.10112313050173027
375.0,0.24977525263514966
376.0,-0.1361483835708955
377.0,-0.06722950666988087
378.0,0.020565986189861718
379.0,-0.10264861531362524
380.0,-0.13813039524956114
381.0,-0.09454499906604832
382.0,-0.17173848400939004
383.0,-0.07556099714472703
384.0,-0.080041821800271
385.0,-0.11080822646675922
386.0,-0.13926419508022053
387.0,-0.14846574145981803
388.0,-0.09375646588130346
389.0,-0.12363452389412874
390.0,-0.09781993908442937
391.0,-0.052787120966049705
392.0,-0.12822831984800875
393.0,0.0044441982888662745
394.0,-0.04956260928946271
395.0,0.16322877086864945
396.0,-0.10971014305913696
397.0,-0.07509463884937403
398.0,-0.04913276104124373
399.0,0.3124652482095987
400.0,-0.1510288662480541
401.0,-0.07801172167324982
402.0,-0.16199941709179858
403.0,-0.09175359711591746
404.0,0.0818127553095514
405.0,0.02645227829062169
406.0,-0.14332726286862668
407.0,-0.09684768576283576
408.0,-0.1496196032167461
409.0,0.10209759047379374
410.0,-0.11888645026583156
411.0,-0.006345262142286923
412.0,-0.022541839571753597
413.0,-0.15151620119484438
414.0,0.04385751984747033
415.0,-0.08639495086629878
416.0,0.14582526712637484
417.0,0.09174905465889349
418.0,-0.08913753471581135
419.0,0.056238878233166145
420.0,0.11296941546660866
421.0,-0.07158340248437456
422.0,-0.05049985007018773
423.0,-0.03505270937102778
424.0,-0.14565003304451032
425.0,-0.11007644466212016
426.0,0.1853565843766652
427.0,0.01009017397001749
428.0,-0.07802352022512338
429.0,-0.10960752429762655
430.0,-0.042717170170904706
431.0,-0.13350631963566562
432.0,-0.07143462394088138
433.0,-0.08192940012865449
434.0,-0.04431811903016322
435.0,-0.01558964947747854
436.0,0.022794651159286472
437.0,-0.15437677248814818
438.0,0.2068172052455558
439.0,0.2508615899555781
440.0,-0.1077706514710334
441.0,-0.0856745553547443
442.0,-0.050809086033813095
443.0,-0.09619227801397995
444.0,-0.09550061605011351
445.0,0.014726123991773643
446.0,0.23994111130890344
447.0,0.08852193484720083
448.0,-0.14251139407693847
449.0,-0.07755736439599642
450.0,-0.03150346309955765
451.0,0.07706144310067697
452.0,0.3178730057825464
453.0,-0.10277889768621007
454.0,0.20216419533176033
455.0,-0.122178006919206
456.0,0.5917957414289476
457.0,-0.009920350787770316
458.0,0.1555770901066339
459.0,0.04762376710064764
460.0,0.057304119458669533
461.0,-0.08738778751175094
462.0,-0.07796512440184317
463.0,0.44584126409668745
464.0,-0.10439917259645279
465.0,0.004373112706976157
466.0,0.02882294508179961
467.0,0.0909853395536423
468.0,0.19071376780406246
469.0,0.1410040000439834
470.0,-0.025886434091159816
471.0,0.023021323551240758
472.0,-0.07649769754700242
473.0,-0.04122230672778718
474.0,-0.012560320234217048
475.0,-0.12338249040034818
476.0,-0.15954062629638957
477.0,0.16337055001949563
478.0,0.19665832281594087
479.0,0.0002923548060350667
480.0,0.13630675261789355
481.0,0.08919844784210523
482.0,-0.04414766596498651
483.0,-0.02035887515728979
484.0,-0.15000422615041814
485.0,0.233264010834754
486.0,0.20600032828593234
487.0,-0.1363119354908102
488.0,-0.07186964949287533
489.0,0.16751466731940262
490.0,-0.07194121089601002
491.0,-0.15598537738131807
492.0,0.05324211779381938
493.0,-0.10300098143742012
494.0,0.5059683618743361
495.0,-0.03573208214868401
496.0,-0.06186591672737926
497.0,0.37993202003573473
498.0,-0.042812132851226425
499.0,0.004443029326955339
500.0,-0.07499435844362762
501.0,0.3146923230121059
502.0,-0.1358508452920273
503.0,-0.07531643838810123
504.0,-0.14586501460968937
505.0,-0.0005214868999596778
506.0,-0.047435672132413564
507.0,0.2952573768537858
508.0,-0.161181787920662
509.0,-0.04016999880230837
510.0,-0.012098859539358575
511.0,0.3343683478177289
512.0,-0.05669705593029506
513.0,0.04830885238432486
514.0,0.20646906459589232
515.0,0.31719200207634396
516.0,-0.12844037750042958
517.0,0.2082343246492449
518.0,-0.14378622808880698
519.0,0.18915903883112128
520.0,0.27085914659098664
521.0,0.21038525134141828
522.0,0.22269106608994593
523.0,-0.03365681917177216
524.0,-0.01319159301411027
525.0,-0.062291164394533804
526.0,-0.037219708891017445
527.0,-0.06800168543838297
528.0,-0.1700145226833768
529.0,0.1051263553014617
530.0,-0.14303451696260003
531.0,-0.12981773284660506
532.0,-0.0328631735947717
533.0,-0.01569913513223664
534.0,-0.16869088389194573
535.0,-0.06749010797193986
536.0,0.27491311162040444
537.0,-0.0911455843721167
538.0,0.10244445796818452
539.0,-0.13672249943974527
540.0,-0.019106572607572148
541.0,-0.1198235600409385
542.0,0.05690148867544592
543.0,-0.01735861291626506
544.0,0.007848249963380738
545.0,0.24873445492520263
546.0,-0.07626020983596257
547.0,-0.11557793712535916
548.0,-0.006653844647763307
549.0,0.09530307342412242
550.0,0.0782922979917619
551.0,0.13698241137712647
552.0,-0.16155006892107018
553.0,-0.15916035570256687
554.0,-0.02460590198285284
555.0,-0.12747509519480033
556.0,-0.03479531116361678
557.0,-0.02259747839707249
558.0,0.12475738480985965
559.0,0.14536395284623077
560.0,0.2605006667815
561.0,-0.13268445154368794
562.0,0.16428096501329537
563.0,-0.1645362772197695
564.0,0.01680704927872101
565.0,-0.13590548521483048
566.0,-0.0404765245156512
567.0,-0.04612171424264508
568.0,-0.07371925036783827
569.0,0.032032556828795744
570.0,-0.18587684051352305
571.0,-0.12735521442511227
572.0,0.21983662173172225
573.0,-0.004680180122511701
574.0,-0.011688349878499926
575.0,0.008553861984615718
576.0,-0.13720453305762856
577.0,0.311192947288812
578.0,0.3191353486538067
579.0,-0.1498036447508175
580.0,0.10213030435069104
581.0,-0.03832531516295437
582.0,-0.05131496075415598
583.0,-0.14298059090702941
584.0,0.30874717057278256
585.0,-0.12211824344319985
586.0,-0.07100833892302885
587.0,-0.03004108843502118
588.0,-0.08561877165119011
589.0,-0.04239468259559814
590.0,0.05255690477222741
591.0,0.3097612392807403
592.0,0.3306579002168071
593.0,-0.14914433746659986
594.0,-0.13634592556231817
595.0,-0.14319122409994794
596.0,0.06930023045145067
597.0,0.31920840694663455
598.0,0.32033295940212086
599.0,-0.12642099067767792
600.0,0.23709188937335995
601.0,-0.16154471968953815
602.0,-0.02103944141080888
603.0,-0.09859254086798477
604.0,0.025308049151172796
605.0,-0.18205305167268926
606.0,-0.04287630961735092
607.0,-0.06626351794054042
608.0,0.5447664548668416
609.0,0.20582790612220875
610.0,-0.10009392813181547
611.0,0.1005427625454105
612.0,0.06777445963572659
613.0,-0.14199124421081039
614.0,-0.03279803171998519
615.0,-0.017962326608668866
616.0,0.008841976253346817
617.0,0.12436812430619282
618.0,-0.1464029295902192
619.0,0.5675677897341057
620.0,0.12161189716129345
621.0,0.7289673304002404
622.0,-0.12976477425438815
623.0,-0.1506343446055809
624.0,0.14514213034848938
625.0,0.010707504013479363
626.0,-0.13518765584520248
627.0,0.23936799010314685
628.0,0.5433436596939274
629.0,-0.1398838789252849
630.0,0.1149804013092473
631.0,-0.14741488084704057
632.0,-0.16995124758760816
633.0,0.23841177402550068
634.0,0.18752161176963816
635.0,-0.03914261890257456
636.0,0.054261829960014385
637.0,-0.023429370469976785
638.0,0.3951109872613435
639.0,-0.12499691254461417
640.0,-0.0643578730892084
641.0,-0.09219142962195062
642.0,0.018525786377708298
643.0,-0.06212872139956757
644.0,0.08213932625819348
645.0,0.2772233154643946
646.0,-0.16279420258868466
647.0,0.15011847478560825
648.0,0.11705530810199827
649.0,0.21936863831518577
650.0,0.013371381066521693
651.0,0.01669535819901008
652.0,-0.16197367703541438
653.0,0.004150450106141845
654.0,-0.059717059137885165
655.0,0.16416108622090958
656.0,-0.13886122131313272
657.0,-0.06101377584089049
658.0,-0.10175978938595495
659.0,-0.02576472437324351
660.0,-0.12465184298035004
661.0,-0.025121629542373125
662.0,-0.12172242014912452
663.0,-0.1517530240241045
664.0,0.18379089746103922
665.0,-0.15019837004266398
666.0,-0.05627782128245723
667.0,-0.1774883965359252
668.0,-0.11975537223376162
669.0,0.0823437820741913
670.0,0.5573799152790323
671.0,0.1150205510991017
672.0,-0.044370979030917995
673.0,-0.1227394042459416
674.0,-0.1327934227447204
675.0,-0.09316189582165885
676.0,0.09515618183590024
677.0,-0.17659507960245913
678.0,-0.03661517539541426
679.0,0.4732208189709758
680.0,-0.13781875565289728
681.0,-0.09932697983562319
682.0,0.07238863718207145
683.0,0.09651118427315186
684.0,-0.07051155554359145
685.0,0.058834501276979034
686.0,-0.16250449074641304
687.0,-0.16162301806704202
688.0,-0.1592630656279886
689.0,0.11781035155718089
690.0,0.3425529517155561
691.0,-0.019138691752582038
692.0,0.1641757584762885
693.0,-0.13996458091020353
694.0,0.12902128138685348
695.0,-0.08317074695656346
696.0,0.03898853953598619
697.0,0.013138830461087103
698.0,-0.10524794322466594
699.0,0.1422361083552472
700.0,-0.03922557625781514
701.0,0.03619133266683677
702.0,-0.15878780488596156
703.0,-0.1479787040972091
704.0,-0.06529605541673578
705.0,-0.14169366419103133
706.0,0.015960038637785723
707.0,0.1786205831314452
708.0,-0.09406371378601594
709.0,0.24248479429897596
710.0,-0.003484959130138965
711.0,-0.03260925596726699
712.0,-0.14331185460057666
713.0,0.1566483262313101
714.0,0.5095773270900175
715.0,0.0936831599983366
716.0,-0.02755120632338698
717.0,-0.11641915168867178
718.0,-0.10120918070837867
719.0,0.18079126948899849
720.0,-0.1638880213195558
721.0,0.43653509802199625
722.0,0.11293283171057927
723.0,-0.18856992338733017
724.0,0.047313380578081266
725.0,-0.14591004901066834
726.0,-0.07836447891819873
727.0,-0.16745763072043127
728.0,-0.036747130669505634
729.0,0.10904051450675906
730.0,0.04485265616097128
731.0,0.26623810906258516
732.0,-0.1771583336402069
733.0,-0.12633372872117954
734.0,0.6558021021661535
735.0,-0.0795869591182004
736.0,-0.0557363974824589
737.0,0.09683421898293493
738.0,0.0890374842479903
739.0,-0.11550434787393582
740.0,-0.16383751617745976
741.0,-0.1737716334167865
742.0,-0.0933869802783493
743.0,-0.07515663540431511
744.0,0.039524514677227895
745.0,0.011606365566130816
746.0,-0.19630622157137256
747.0,-0.09040681742256182
748.0,0.007741430975340136
749.0,0.3568145655041713
750.0,-0.037540116310585514
751.0,0.16724478484189131
752.0,-0.11083948478142996
753.0,0.17572852880156448
754.0,0.48115682790636954
755.0,-0.13587100307151545
756.0,0.005707688883245465
757.0,0.16638560431961158
758.0,0.5668034480821937
759.0,0.3513904875986393
760.0,-0.05183624109472229
761.0,-0.05285714101511563
762.0,-0.17917453443662046
763.0,0.21212709063088708
764.0,-0.05833422731504806
765.0,0.1008869823474901
766.0,-0.07358379407139112
767.0,0.17602169288777975
768.0,-0.05088401363671119
769.0,0.14357808537884775
770.0,0.21424036980289923
771.0,0.2860486778250082
772.0,0.40603261463217344
773.0,-0.0011062911888658489
774.0,0.6151211050103408
775.0,0.027158998401777934
776.0,-0.0826046736183261
777.0,0.0030329090936754843
778.0,0.17715384095413184
779.0,-0.15102314223401828
780.0,0.0167257557529788
781.0,-0.11725197249867289
782.0,0.13486758473084115
783.0,0.008617418795277276
784.0,-0.17877481333069187
785.0,-0.08726829427185823
786.0,0.5145290593134455
787.0,-0.10948202542148378
788.0,0.057560780779761345
789.0,-0.17136546251715884
790.0,-0.15092723562845156
791.0,0.2820734917309539
792.0,-0.1352890098350356
793.0,0.19093601125303722
794.0,-0.06266490284488174
795.0,0.056461441436033655
796.0,0.19816655991190957
797.0,-0.1627841334533428
798.0,0.5476405386179354
799.0,-0.12908865210060674
800.0,0.2414509736943744
801.0,-0.09118113792939114
802.0,0.2747431519411961
803.0,0.15572083859784652
804.0,-0.006177219689552538
805.0,0.5325332404814989
806.0,-0.029281340169455272
807.0,-0.08963227524472153
808.0,0.18662065239500758
809.0,-0.14503685719723744
810.0,0.25408574943132123
811.0,-0.14026093401725023
812.0,0.0020861201445283584
813.0,0.4267627354101121
814.0,-0.04162913058213241
815.0,-0.11555760443013388
816.0,-0.14312058845192113
817.0,-0.03629247758871529
818.0,0.3395004474747166
819.0,0.014701262168398399
820.0,0.1024163792425204
821.0,-0.18016369649582192
822.0,0.028482460109458596
823.0,0.16772710059102458
824.0,-0.03223357158455076
825.0,0.31606458928220826
826.0,-0.1731739867151888
827.0,-0.13679559266226016
828.0,0.02893058523135983
829.0,0.17322322967348802
830.0,0.1013268874672576
831.0,-0.17162517004251931
832.0,0.2558260109998498
833.0,-0.11821823215268909
834.0,-0.1678345012394115
835.0,0.1257664154972482
836.0,0.1502816359071391
837.0,-0.04550779246040526
838.0,-0.03386865844790432
839.0,-0.015596468704856259
840.0,0.2820381219541643
841.0,-0.14798262088620975
842.0,-0.12687538342911514
843.0,-0.0626088304655174
844.0,0.07835811896471395
845.0,-0.1925541244086565
846.0,-0.1539523479395675
847.0,0.03019810109612714
848.0,0.14755647972541758
849.0,-0.1842652150810853
850.0,0.1766329763956629
851.0,0.13906856528160144
852.0,0.3249007601407145
853.0,-0.12740199789727535
854.0,-0.05607586448484292
855.0,-0.09347501720550622
856.0,-0.011616572753696375
857.0,0.22754946847323038
858.0,0.18616921946083037
859.0,0.03487095651753336
860.0,-0.19977567550836794
861.0,-0.12393798321790761
862.0,-0.06197939999615995
863.0,0.18289421755848645
864.0,-0.16372974578908203
865.0,0.49053753084108015
866.0,-0.03920152040065655
867.0,0.3392038827207703
868.0,0.08262900960488528
869.0,-0.008649315117800094
870.0,0.08760704561733473
871.0,-0.09355622136639877
872.0,-0.006714116579646379
873.0,-0.16002621563535904
874.0,-0.00397336687021721
875.0,-0.11380802847439
876.0,-0.13469606031489548
877.0,0.04807382530536286
878.0,-0.09308786718922327
879.0,-0.08844183874349631
880.0,0.45422824753359187
881.0,-0.13920876105226287
882.0,0.22363605603979053
883.0,0.04140556532000261
884.0,-0.1391682951618383
885.0,-0.16487920024145675
886.0,-0.16708367671685137
887.0,-0.00239351198872656
888.0,0.08235290703737974
889.0,-0.03759276018241392
890.0,-0.0965936632019751
891.0,-0.11695666683775452
892.0,0.4764491545688651
893.0,-0.17393191730502583
894.0,-0.15314634288592244
895.0,0.12428968301084681
896.0,-0.07256198061885025
897.0,0.24322618224112974
898.0,0.022761902300929504
899.0,-0.15409681012902035
900.0,-0.0416819774153554
901.0,-0.1331742747252827
902.0,-0.07153064048848448
903.0,0.033269456867350666
904.0,-0.03222020657539948
905.0,-0.19099533427502483
906.0,-0.16817594943308953
907.0,-0.056987691163803894
908.0,-0.18425023165819993
909.0,-0.0001854512454251278
910.0,0.02883947251224872
911.0,-0.08692157024891309
912.0,-0.19590674389332882
913.0,0.1269240480146338
914.0,-0.048123170038226026
915.0,0.43219591923582906
916.0,0.07580691261435435
917.0,0.28697010468924894
918.0,-0.07657562345956509
919.0,7.557999341106791e-05
920.0,-0.17129192377735367
921.0,-0.005736648573215097
922.0,0.38944187112655315
923.0,0.005318452579602451
924.0,0.7054078440878406
925.0,-0.08176432505558362
926.0,-0.07212206484035216
927.0,-0.08923020918174801
928.0,0.042341185281699056
929.0,0.5573315744468824
930.0,-0.09685932031651592
931.0,-0.06829210596373059
932.0,-0.034725219395149665
933.0,0.29991612958683544
934.0,-0.12630391711450634
935.0,0.07249671940134
936.0,-0.08587196617564297
937.0,0.4435500661038184
938.0,-0.015418427554064251
939.0,0.08192652444264853
940.0,-0.0901270297577513
941.0,-0.09473905475333047
942.0,-0.09467228783316478
943.0,-0.08268260905385805
944.0,-0.1322037756062747
945.0,0.3539538731028057
946.0,-0.06806567665290025
947.0,0.3324539252661731
948.0,-0.08268136105626295
949.0,-0.03188323496119955
950.0,-0.13872658067231672
951.0,-0.14353396804984248
952.0,-0.17991675312278865
953.0,-0.12893389528559404
954.0,-0.01509496394582066
955.0,0.020369112028119585
956.0,-0.04922938301488394
957.0,0.17570367393195058
958.0,0.19812709785682758
959.0,0.03021875007635172
960.0,0.07958825110471879
961.0,0.059578219658172116
962.0,0.187136822123873
963.0,-0.0687039855862607
964.0,0.655762109656286
965.0,0.013397351750339404
966.0,0.10644852185405096
967.0,-0.15387707337901224
968.0,-0.07130724011663125
969.0,0.28928159613355403
970.0,0.016070184236656182
971.0,-0.1404041566424252
972.0,-0.07169983886442638
973.0,0.1921948800341171
974.0,0.18477122372540167
975.0,0.09512474554726702
976.0,-0.14778900104195017
977.0,0.15697270662472784
978.0,-0.016489866568853373
979.0,0.19233917083200153
980.0,0.032847149048172486
981.0,0.08883531633141384
982.0,0.30321523423113717
983.0,0.055805645682782845
984.0,-0.19794050122501
985.0,0.32738460258204666
986.0,-0.09752068086683738
987.0,-0.13160303908159723
988.0,0.04518083192819966
989.0,-0.18156126314131785
990.0,-0.07044779975036727
991.0,0.0832658050856312
992.0,0.5321679551266482
993.0,-0.19269237090548952
994.0,-0.06813961321601716
995.0,-0.08139096451453295
996.0,0.3451207079048356
997.0,-0.1648786106148961
998.0,0.17197832933178264
999.0,-0.028374487051117225
1000.0,0.006310564257000606
1001.0,0.09918013345750037
1002.0,-0.13324845045143935
1003.0,-0.15999927177270548
1004.0,-0.19856456317224538
1005.0,0.6049148049484151
1006.0,0.29748911936664946
1007.0,0.01485855241649009
1008.0,0.08450637779307302
1009.0,0.013709970989596754
1010.0,-0.0010034502191901273
1011.0,0.28384760499521583
1012.0,0.07577476322248522
1013.0,0.03954080107833352
1014.0,0.23328242469367477
1015.0,-0.1577567801674905
1016.0,-0.2091830334463476
1017.0,0.0728508465351182
1018.0,-0.11811302515285865
1019.0,-0.11503067920057825
1020.0,0.05938138523251557
1021.0,0.15582363122860865
1022.0,-0.07699213431361587
1023.0,0.1805073826173888
1024.0,-0.08650777800441162
1025.0,0.2684526329320938
1026.0,0.009977860837301622
1027.0,-0.09226936803090502
1028.0,0.1547764651060735
1029.0,-0.13607693118215677
1030.0,-0.021540548298296824
1031.0,-0.1736089584276819
1032.0,0.3192606512828208
1033.0,-0.18098445178425307
1034.0,0.009893095865697532
1035.0,0.18433485703122882
1036.0,-0.09081418651103135
1037.0,-0.02022104517198864
1038.0,-0.2066112684075229
1039.0,0.1745792401938513
1040.0,-0.126011158905404
1041.0,0.3328555820048256
1042.0,-0.08994827071774192
1043.0,0.18655441819441826
1044.0,-0.08428713853812056
1045.0,-0.1213755902802317
1046.0,0.077794910425179
1047.0,-0.06074751370825876
1048.0,-0.1268132770882373
1049.0,-0.17788714827140858
1050.0,0.055498960895796756
1051.0,-0.1568460388936594
1052.0,0.12101291494977728
1053.0,-0.20555147823918876
1054.0,0.16059813161278097
1055.0,-0.20400763485668816
1056.0,0.14322812583257688
1057.0,-0.1647340443570607
1058.0,-0.091042996972554
1059.0,-0.09114669705713788
1060.0,0.06070737506424534
1061.0,-0.08917605101767032
1062.0,0.044297957806284705
1063.0,0.03490023476079357
1064.0,-0.16384314187071788
1065.0,-0.1137314111500852
1066.0,0.15906338141670734
1067.0,-0.13336682082025364
1068.0,0.10215778504745204
1069.0,0.16351276032294226
1070.0,0.1392969259327675
1071.0,0.23157208039128319
1072.0,-0.15864029200831067
1073.0,0.15543468387480452
1074.0,0.19753507481447058
1075.0,0.40790288191246526
1076.0,0.18645151407079502
1077.0,-0.17214254093346174
1078.0,-0.13857163495269023
1079.0,-0.11966441245573844
1080.0,0.07882147838793929
1081.0,-0.20294552042881353
1082.0,0.2208452820791948
1083.0,-0.02403824633095253
1084.0,0.0016688681202389755
1085.0,-0.19958924627384894
1086.0,0.010655731844765481
1087.0,0.44207310016940665
1088.0,-0.08533965443631789
1089.0,0.6422623844672302
1090.0,0.14340877800787089
1091.0,-0.13813589747179944
1092.0,-0.16282106476844843
1093.0,-0.0775647466983167
1094.0,0.09044615588772398
1095.0,-0.11178481223309766
1096.0,0.3134636147492947
1097.0,-0.1292386877880619
1098.0,0.31344437329331043
1099.0,-0.046385381826340555
1100.0,-0.16870845800373968
1101.0,-0.029202235432712387
1102.0,0.020114230824217927
1103.0,-0.16407176513389157
1104.0,0.14013581216742904
1105.0,-0.12503503123691725
1106.0,0.5130912837977273
1107.0,-0.14461871152449915
1108.0,0.3547002041279993
1109.0,-0.11265626620213001
1110.0,-0.14728797845664854
1111.0,0.017108270322547303
1112.0,-0.2036954473650538
1113.0,0.14813533678057383
1114.0,0.010818764612756826
1115.0,0.07280005001638934
1116.0,0.3479049873647267
1117.0,0.10970032283835823
1118.0,-0.05236600782278722
1119.0,-0.05304757268830257
1120.0,0.015239192750767294
1121.0,-0.046423737186263414
1122.0,-0.08925966828042306
1123.0,0.008940827683815378
1124.0,0.3380910483098259
1125.0,0.18828896474526818
1126.0,-0.18857446947384154
1127.0,0.06763849823891688
1128.0,0.07899095925002025
1129.0,-0.01997330961795496
1130.0,0.43255066641441947
1131.0,-0.04320552230814767
1132.0,-0.008838725101682321
1133.0,0.19818553814308176
1134.0,0.47874856350998435
1135.0,-0.1677205248040495
1136.0,0.22430551282754757
1137.0,-0.16825356427194998
1138.0,0.013916857159705254
1139.0,-0.1530176804935258
1140.0,0.19220657051493473
1141.0,-0.13874792487969817
1142.0,0.14765203912144498
1143.0,-0.1612181088629821
1144.0,-0.04350627069710711
1145.0,0.04691537147472741
1146.0,-0.06542877942103598
1147.0,-0.18637542539357915
1148.0,-0.13305586752259677
1149.0,0.10511987540850831
1150.0,0.018013748072910285
1151.0,-0.16239312443966075
1152.0,0.49856143894198013
1153.0,0.04052584590809216
1154.0,0.4751386642971773
1155.0,-0.11540865330200947
1156.0,0.01499459808162018
1157.0,0.3055969455338974
1158.0,-0.12089631658060532
1159.0,-0.11410307532901359
1160.0,-0.01607721750487101
1161.0,-0.17364741148768068
1162.0,0.09251271810682737
1163.0,-0.14012083989037918
1164.0,0.04347023780332204
1165.0,-0.15065049278697015
1166.0,0.1358465571274638
1167.0,-0.16398413810663154
1168.0,-0.07384047612239719
1169.0,-0.13971642232806206
1170.0,0.08569880338743724
1171.0,-0.051847896225252044
1172.0,0.06528912467369735
1173.0,-0.03624112619595693
1174.0,0.7309205054615726
1175.0,0.08231299658161811
1176.0,-0.06830802435006242
1177.0,-0.14128658560335122
1178.0,0.37255755763341303
1179.0,-0.1256965799019357
1180.0,-0.030694743338638975
1181.0,-0.0031711857988085956
1182.0,-0.1883821424413592
1183.0,0.3230342076673319
1184.0,0.48189407960703395
1185.0,-0.12093412128543804
1186.0,0.058826734505391
1187.0,0.007629350322006068
1188.0,0.04469995871014504
1189.0,-0.10315634001783505
1190.0,0.11857736714521488
1191.0,-0.07767040077314283
1192.0,0.03993993909873311
1193.0,-0.16869259022913627
1194.0,-0.20229048634458732
1195.0,0.0595471741671425
1196.0,-0.1774463977105954
1197.0,-0.0718462361325147
1198.0,0.12544464975254366
1199.0,-0.14700779673705933
1200.0,-0.017433423533477987
1201.0,-0.10485816899222522
1202.0,0.4683620869053037
1203.0,0.0755075833511672
1204.0,-0.04280483004457669
1205.0,0.1605194252810141
1206.0,-0.038291876302208816
1207.0,0.33734286104655103
1208.0,-0.07939374332853932
1209.0,-0.01705724122780994
1210.0,-0.14205377279451922
1211.0,0.010798559443823519
1212.0,0.4219188751480437
1213.0,-0.15345665494136512
1214.0,0.020413113829442997
1215.0,0.1319669850017347
1216.0,0.4430213325030685
1217.0,0.11134846683416116
1218.0,-0.14491756897769653
1219.0,0.03456354869488659
1220.0,0.3384146505340978
1221.0,-0.16155763268237378
1222.0,0.0635733564332126
1223.0,0.04153158371854804
1224.0,-0.09896325969861203
1225.0,-0.17192048540938998
1226.0,0.05764172136305462
1227.0,-0.0074555123830915004
1228.0,-0.13560883193852966
1229.0,-0.17784930000026458
1230.0,-0.014359725712376037
1231.0,0.07417030638961813
1232.0,-0.08993278280599432
1233.0,-0.15798378728064275
1234.0,0.018263197025309486
1235.0,0.10695900272704217
1236.0,-0.1750817829002122
1237.0,0.07800621761551191
1238.0,0.411452109443012
1239.0,-0.09917522917197744
1240.0,0.08051858915328541
1241.0,0.36328581195841325
1242.0,4.889770424898465e-06
1243.0,-0.11541422832122727
1244.0,-0.1715510364458941
1245.0,-0.0827772636363431
1246.0,-0.1684768333458572
1247.0,-0.20665677632575724
1248.0,-0.043862123041819245
1249.0,0.2333794545830999
1250.0,-0.1729144341256131
1251.0,0.13554674877584544
1252.0,-0.15897659527223923
1253.0,-0.011736216425464185
1254.0,0.06270121663721834
1255.0,-0.02918254244457913
1256.0,0.10657979958845937
1257.0,-0.07037132334976726
1258.0,-0.2051642376747027
1259.0,-0.11575061865260888
1260.0,-0.10924424024273183
1261.0,-0.04328347018625994
1262.0,0.028676227937119603
1263.0,-0.002707205867288953
1264.0,0.1092334116739731
1265.0,-0.10058347237845944
1266.0,0.12409559344572335
1267.0,0.15479896601372034
1268.0,0.26384181938578355
1269.0,-0.11192258984339262
1270.0,-0.040125751672996146
1271.0,0.07158783002117447
1272.0,-0.10831283046491072
1273.0,0.24565255871592462
1274.0,-0.10484857913071027
1275.0,-0.08654536184563896
1276.0,-0.16855370109408185
1277.0,0.026744980427124143
1278.0,-0.10280370764109673
1279.0,0.006773891120526843
1280.0,0.11630249746210025
1281.0,-0.18441675976659339
1282.0,-0.008236877935110354
1283.0,0.14215082817539754
1284.0,0.14301352031879022
1285.0,-0.11183635633263966
1286.0,0.39199239240465006
1287.0,0.0013907927749444715
1288.0,0.058168810998001697
1289.0,0.2128994680166817
1290.0,0.3373506756417996
1291.0,-0.07244800328632459
1292.0,0.005848676802722774
1293.0,0.6172176841190673
1294.0,0.1015147214482583
1295.0,-0.045019350359512544
1296.0,-0.10207299939269299
1297.0,0.14121746860467088
1298.0,-0.08137384219513066
1299.0,0.39871655702614994
1300.0,0.28659781308265714
1301.0,0.05087844713980877
1302.0,-0.16129524431682868
1303.0,0.18827946266307516
1304.0,-0.18523513586132836
1305.0,0.256327671421802
1306.0,0.027526894741058294
1307.0,-0.050966161500134055
1308.0,-0.15998359068481713
1309.0,0.2597227079695162
1310.0,-0.06758227503732317
1311.0,-0.1326750002232193
1312.0,-0.16094745583572517
1313.0,0.18711286872066824
1314.0,-0.17567062016745905
1315.0,-0.038816822421131325
1316.0,0.32882754226582334
1317.0,0.1604100993848177
1318.0,-0.1407321563530172
1319.0,-0.06631742515249944
1320.0,0.31366820805182694
1321.0,0.05249286526322944
1322.0,0.29880897056353867
1323.0,0.3298345264773449
1324.0,-0.1970057796064589
1325.0,0.03786610784273686
1326.0,-0.12408383508164927
1327.0,0.2687607493588748
1328.0,-0.08491269992925926
1329.0,-0.17185726119480335
1330.0,0.6787980201920717
1331.0,0.021344656580400356
1332.0,-0.1760183819723714
1333.0,0.0959395390162161
1334.0,-0.18363038292172718
1335.0,0.15097801651473242
1336.0,-0.08990893440301756
1337.0,-0.08812962044444506
1338.0,0.044295555114681695
1339.0,0.10818753060600117
1340.0,-0.1272513342087247
1341.0,0.15700428091095503
1342.0,0.04478831340659656
1343.0,0.11194615090513355
1344.0,0.33661924790670006
1345.0,-0.10533905856052161
1346.0,-0.09971509210466298
1347.0,0.750042937768496
1348.0,0.06842656149794946
1349.0,-0.1598812055162796
1350.0,0.10732069148770434
1351.0,-0.07263509669336793
1352.0,-0.14091557690411133
1353.0,-0.19168943130144658
1354.0,-0.11353105870361818
1355.0,0.49060389871895205
1356.0,-0.14049069298422687
1357.0,0.19737506705523067
1358.0,-0.15185511414858546
1359.0,-0.08151782768877433
1360.0,-0.05821856956006771
1361.0,0.2925539595071845
1362.0,-0.19382855385146625
1363.0,-0.06976986490381415
1364.0,-0.0521054124300227
1365.0,0.02102942771582239
1366.0,-0.07999344347663231
1367.0,-0.10443737828723487
1368.0,0.2782972861655678
1369.0,-0.06558621320314473
1370.0,0.14812481679847217
1371.0,0.5665902371135968
1372.0,-0.17050168769715476
1373.0,0.9105631680731636
1374.0,0.13620590771913166
1375.0,-0.16457235626936395
1376.0,0.19531401249085384
1377.0,-0.12756469699292813
1378.0,-0.04801607861350182
1379.0,0.046640362906667954
1380.0,0.03725356895445181
1381.0,-0.16495677539269685
1382.0,-0.10914521889395404
1383.0,0.05367197542872698
1384.0,-0.18274016809098803
1385.0,0.02696037008615637
1386.0,-0.146286089363969
1387.0,0.461563077055893
1388.0,-0.025285719526000894
1389.0,-0.2034287314359607
1390.0,-0.07770857221491184
1391.0,-0.037544580772920055
1392.0,-0.08140098979644253
1393.0,0.2726501654965956
1394.0,-0.20310179401667341
1395.0,0.19800288263356464
1396.0,-0.16951956493201406
1397.0,0.10365100816924322
1398.0,-0.07886713832737818
1399.0,-0.12677470890984707
1400.0,0.1607748604958033
1401.0,-0.20034785693991247
1402.0,0.21110711757412215
1403.0,0.028628308267647617
1404.0,0.49940145509627415
1405.0,0.13198282670711498
1406.0,-0.01847681345503327
1407.0,0.34676934112055513
1408.0,0.2726847438371469
1409.0,0.0671979056155605
1410.0,-0.16597387883731513
1411.0,0.0001916196552314564
1412.0,-0.11772043215589295
1413.0,-0.1619604526021669
1414.0,0.05125720598001876
1415.0,0.029110451338807963
1416.0,0.10876935912439101
1417.0,0.08572812799933427
1418.0,-0.08102819574853948
1419.0,-0.2196163054951894
1420.0,-0.11382186237131992
1421.0,0.2649249897329941
1422.0,-0.08977771563394532
1423.0,-0.20445590060171415
1424.0,0.15271171891129848
1425.0,0.09701022614636279
1426.0,-0.17241640424716342
1427.0,0.05776752191128498
1428.0,-0.22129830934411038
1429.0,-0.05014541159249042
1430.0,0.03908127260555716
1431.0,-0.1052178894928052
1432.0,0.270806932482098
1433.0,-0.15591579065713854
1434.0,0.16293390018436937
1435.0,0.6377753848035288
1436.0,0.015576509015104933
1437.0,0.4124648067771984
1438.0,0.143567987558047
1439.0,-0.17511591756796818
1440.0,-0.1258725189709658
1441.0,-0.22436903426088411
1442.0,0.341977094233036
1443.0,-0.019447734086117663
1444.0,0.12707469782753178
1445.0,0.12552564252980875
1446.0,-0.06306176155967064
1447.0,-0.18933634167515975
1448.0,0.2751845609307437
1449.0,-0.1644424373906041
1450.0,-0.19915839769027543
1451.0,-0.10395294638899422
1452.0,0.0392106719750695
1453.0,-0.062038492374972554
1454.0,0.04894086762073052
1455.0,-0.13418528426974388
1456.0,0.001863766311169468
1457.0,0.23594341351687742
1458.0,0.13836158264360748
1459.0,-0.07428655658518585
1460.0,-0.05460048162756198
1461.0,0.13138073772412479
1462.0,0.005949933769732185
1463.0,-0.1778282116544412
1464.0,0.0800740519192985
1465.0,-0.1097073311616367
1466.0,0.4953926567152824
1467.0,0.1661117939532979
1468.0,-0.14724315481999314
1469.0,-0.07986762680581166
1470.0,-0.03433150961076947
1471.0,0.015712937163715135
1472.0,-0.19133344599978824
1473.0,0.1036103005800359
1474.0,0.12113971090160641
1475.0,-0.1922085958203059
1476.0,0.15784855467604259
1477.0,0.1609055939168404
1478.0,-0.20955161600958266
1479.0,-0.07077853830400338
1480.0,0.4390728567065744
1481.0,-0.13343427416307968
1482.0,-0.10007178417800172
1483.0,-0.02790257936753998
1484.0,0.3627798718920001
1485.0,0.1332406860165683
1486.0,-0.028744650430302554
1487.0,-0.14671567630164178
1488.0,0.08023980462236568
1489.0,0.19552309028959414
1490.0,0.117637382746343
1491.0,-0.020090400891776328
1492.0,-0.06055674051189647
1493.0,-0.1427766076265193
1494.0,0.11136623943362117
1495.0,-0.12425143120906548
1496.0,-0.10318728337017669
1497.0,-0.18373057438112178
1498.0,0.2438513608028165
1499.0,0.4716648505713692
