Time,residuals
0.0,0.766517821893772
1.0,-0.07168752200894388
2.0,-0.023599756580550954
3.0,-0.07908935651547852
4.0,-0.11020739034891543
5.0,-0.0907479748612279
6.0,0.032444138516278656
7.0,0.5148775005101267
8.0,0.10021215096489348
9.0,-0.09770717645586847
10.0,-0.09261371825381326
11.0,0.11480969455360901
12.0,0.5141582599505539
13.0,0.03437783148026721
14.0,-0.0847300670194419
15.0,-0.0925570805160352
16.0,-0.11152767257386521
17.0,0.4183016034387767
18.0,-0.0009690884184744841
19.0,-0.12673554673328255
20.0,-0.08896361101093764
21.0,-0.12408185479502086
22.0,-0.12398271784933348
23.0,0.30613497135003154
24.0,-0.08489312665198329
25.0,-0.13023704393287103
26.0,-0.0205395305015285
27.0,-0.12002493961665678
28.0,0.012011821920149407
29.0,0.2665420140391448
30.0,0.4500694563163925
31.0,-0.03596676787253475
32.0,-0.10692597851438129
33.0,0.07587246725748772
34.0,-0.12373520695951275
35.0,-0.010439238365771875
36.0,-0.13157829068896282
37.0,0.2901976367747304
38.0,-0.06969006117791902
39.0,0.014732250776101324
40.0,-0.11629680868968995
41.0,0.44762320101148656
42.0,-0.015049082636351158
43.0,0.07373376559198155
44.0,-0.10318137231423048
45.0,-0.09721872207093714
46.0,0.09733971865588031
47.0,0.031149782979591034
48.0,-0.11260185395819274
49.0,-0.06247461229674103
50.0,0.30683560192478043
51.0,-0.010742600920187806
52.0,0.30495242606825634
53.0,-0.12902692613059474
54.0,0.2743577096089207
55.0,-0.14122018479216195
56.0,0.31308554319403425
57.0,-0.12000213349022754
58.0,0.06770976975806259
59.0,-0.14389399043303083
60.0,-0.07560150566728041
61.0,-0.05318268151021667
62.0,-0.14160726448229297
63.0,-0.14655360962364147
64.0,0.11180668972430069
65.0,-0.15102377797126446
66.0,-0.03550103811032612
67.0,-0.11365481387377722
68.0,-0.08475502215326979
69.0,-0.08212145369103308
70.0,0.0754121169132771
71.0,0.03290571620851296
72.0,-0.1341702943956256
73.0,0.36260350886692566
74.0,-0.15541645808906218
75.0,0.12507460692588396
76.0,0.11197510967199345
77.0,-0.12379221545608877
78.0,-0.08357460775284546
79.0,0.15195507717385748
80.0,0.07483694554325834
81.0,-0.16214683065615537
82.0,-0.09932847292978067
83.0,-0.0098367026573776
84.0,0.2117973841900206
85.0,0.17676677698150442
86.0,-0.016360959475990228
87.0,-0.02498278242396243
88.0,0.5055770473515532
89.0,0.016105510814841933
90.0,-0.14777468892734466
91.0,0.05842862379425831
92.0,-0.1370418839800565
93.0,0.057495281080998356
94.0,0.2452873052629228
95.0,-0.06790451762873748
96.0,-0.12512265018266244
97.0,0.12644323055719295
98.0,0.1795826140363525
99.0,-0.09202713983621899
100.0,-0.12865863948230588
101.0,0.13371120233512007
102.0,-0.14569317102642787
103.0,-0.16224556107995547
104.0,0.11825654772122857
105.0,-0.0037404877193448482
106.0,-0.06768230279173855
107.0,-0.158294995059225
108.0,0.19941259630215127
109.0,0.010878906309381237
110.0,0.07605570897748659
111.0,-0.15699279185461415
112.0,-0.0022524492944554775
113.0,0.04603808234491508
114.0,0.14049400778278306
115.0,-0.1391458714707587
116.0,0.07419913698900088
117.0,-0.1363337357178839
118.0,0.7286456047959549
119.0,-0.02163593297502575
120.0,0.2842003072903164
121.0,-0.008897943392177948
122.0,0.6280359099156989
123.0,-0.1150642561967454
124.0,-0.14017729019530842
125.0,0.05420343372865771
126.0,-0.16612055383496704
127.0,-0.025243132318477746
128.0,0.028640935913826604
129.0,-0.15142357251734476
130.0,0.03684485485643024
131.0,0.03992188205525246
132.0,0.16804863712968207
133.0,-0.0016857622741840161
134.0,-0.03839037590162481
135.0,-0.005275208740005033
136.0,-0.05576490943203957
137.0,-0.1359775971079632
138.0,0.6355061117294304
139.0,-0.06500497258708224
140.0,-0.08337528320704626
141.0,-0.08788465779500708
142.0,-0.11449126773887974
143.0,0.12560976805485966
144.0,-0.11199628199116377
145.0,-0.15882074594393505
146.0,0.12988739971422747
147.0,0.20511307825215455
148.0,-0.04746499388252945
149.0,-0.0042451946319113365
150.0,0.01512573623844407
151.0,0.613355138700915
152.0,0.07932268393175293
153.0,-0.10081597551584101
154.0,0.08883901902557528
155.0,-0.11605252125928121
156.0,-0.06211258296654612
157.0,0.01628220834141883
158.0,0.2638765761344733
159.0,-0.17939962815311045
160.0,0.03831304260264573
161.0,-0.14710374589250724
162.0,-0.03831991383749872
163.0,-0.10070542552055634
164.0,0.3159304881806244
165.0,0.05738365373966847
166.0,-0.1794609227769668
167.0,0.37032849775411136
168.0,-0.043832540107988566
169.0,-0.12991550886337228
170.0,0.4498120972893984
171.0,-0.12878922845231905
172.0,0.1063879113224131
173.0,-0.17451550811069022
174.0,-0.11128277291615876
175.0,0.05601754550072624
176.0,-0.1702205929257044
177.0,0.2467213505510152
178.0,-0.1648137017790238
179.0,-0.03591587286296502
180.0,0.4530409691990627
181.0,0.13531213809927795
182.0,-0.18891485412626266
183.0,-0.10340006369852467
184.0,-0.183232039805056
185.0,0.2538396604865889
186.0,-0.18559103521753764
187.0,0.11017964261261595
188.0,0.04560092512003158
189.0,0.1470458998943624
190.0,0.688575591642213
191.0,0.2741493492374796
192.0,-0.18095020249741298
193.0,0.12591339831972106
194.0,-0.03658552100905865
195.0,-0.1945785792189294
196.0,0.06197178939103176
197.0,0.0005286017098156959
198.0,-0.07563532677383478
199.0,-0.13878221124062182
200.0,0.21532325515919049
201.0,-0.18615829836097186
202.0,0.3157721044800236
203.0,-0.189255715627613
204.0,0.12172172177536622
205.0,-0.1890995416651033
206.0,0.1680288814994691
207.0,-0.17520247644431472
208.0,-0.1171193598644416
209.0,0.05455221720531275
210.0,0.012934270436325973
211.0,-0.07546689711435767
212.0,-0.007530653227378392
213.0,-0.11393553539563697
214.0,-0.129592137956974
215.0,0.6364438471607449
216.0,0.25734095233771026
217.0,-0.12618424488986812
218.0,-0.12810507539142058
219.0,0.07588570761566882
220.0,-0.18728479612710436
221.0,0.035491580794748234
222.0,0.2313610185424076
223.0,0.04105765051351351
224.0,-0.1582277155742008
225.0,-0.04915858419033739
226.0,0.1599207971296406
227.0,-0.07357172225257094
228.0,0.040472563923336036
229.0,-0.179652432026707
230.0,-0.12451430963051228
231.0,0.7566465444088902
232.0,0.10874400647333729
233.0,0.5254112379597144
234.0,0.2358288801384208
235.0,-0.1025535994063565
236.0,-0.0013968917942233094
237.0,-0.15225482367599347
238.0,0.484315178127152
239.0,0.03955449850718232
240.0,-0.025316837616308124
241.0,-0.20467098651862742
242.0,0.10449545379596681
243.0,0.1310294626029024
244.0,-0.18817419230488674
245.0,0.5292973969574232
246.0,-0.037813000782334766
247.0,-0.08317511995010385
248.0,-0.20356312095304213
249.0,0.05868083244893191
250.0,0.04844980323616821
251.0,-0.13148187650493343
252.0,-0.20162024331825348
253.0,0.07384176584085542
254.0,-0.05862058560700731
255.0,0.15230677842839055
256.0,0.19856519309290044
257.0,-0.1301430076158776
258.0,-0.11391754762037257
259.0,0.3031639073988307
260.0,-0.23889925163497563
261.0,0.021010179985530703
262.0,-0.04331269189036527
263.0,-0.014029180689678927
264.0,-0.14003325800365585
265.0,-0.09613081167979703
266.0,-0.07393470202739666
267.0,-0.06641750904481611
268.0,-0.15536631090662634
269.0,-0.2543503334200828
270.0,0.03397610065171308
271.0,-0.21792574693977784
272.0,0.32576740049290304
273.0,0.1413851625609368
274.0,0.4133978034492565
275.0,0.5719730612770877
276.0,0.1788983875629937
277.0,-0.04520926880222542
278.0,0.43404588027269975
279.0,0.42740371303712843
280.0,-0.16420515939581176
281.0,0.03789870772560788
282.0,0.1446221585545922
283.0,-0.26485020352515704
284.0,-0.14669859541135438
285.0,-0.14717307772275293
286.0,-0.28078026204445317
287.0,-0.2661575226217547
288.0,0.14645461634369472
289.0,0.14783324391943942
290.0,0.20444228881976245
291.0,-0.26160863363920983
292.0,-0.019381822722804143
293.0,-0.2157172169904249
294.0,0.014888532599969806
295.0,-0.262885806651642
296.0,-0.06953291997165773
297.0,0.3620582716023996
298.0,-0.14801587317181214
299.0,-0.19358815322055514
300.0,0.13112654088623854
301.0,-0.2781295143253543
302.0,0.18662316190252987
303.0,0.04982874960148692
304.0,0.257091756523739
305.0,0.24292969383280671
306.0,0.07907687902942795
307.0,-0.2783035794967658
308.0,0.22672251675985466
309.0,0.0006430110058313621
310.0,0.5019983544526114
311.0,0.08654821310468691
312.0,-0.10985035864798881
313.0,0.27992710067535714
314.0,0.4579610764416718
315.0,0.07835352922630412
316.0,-0.2554151685275386
317.0,-0.12265317451204438
318.0,0.3865328346990081
319.0,0.4377918728538601
320.0,0.5962218921359698
321.0,0.43766907948099
322.0,-0.11545831252700853
323.0,-0.2559522668100649
324.0,0.14465344372242606
325.0,-0.269927741417878
326.0,0.1655625510816362
327.0,0.12077720652495405
328.0,-0.2734919292891106
329.0,0.04905370947535759
330.0,-0.21005550124377048
331.0,-0.2687676919012493
332.0,0.13331072940465372
333.0,-0.22439378444431624
334.0,0.060423207200855145
335.0,-0.17688095431725714
336.0,0.5753922684348297
337.0,0.27629912274148455
338.0,-0.06911812021471025
339.0,-0.006305861144387304
340.0,0.06931180454492014
341.0,-0.20782677317829207
342.0,-0.27293000085453917
343.0,-0.24193378145331298
344.0,0.017937302546510825
345.0,-0.24466404690295834
346.0,1.0523905707991474
347.0,1.0191420344334494
348.0,0.7695668135602709
349.0,0.2762780103692611
350.0,-0.15741913369752594
351.0,-0.16900361899227756
352.0,-0.11217028820303118
353.0,-0.2533879040516078
354.0,0.2413605316864479
355.0,-0.1134108496179852
356.0,0.43244252258194665
357.0,-0.000694268111329388
358.0,-0.09443153414068695
359.0,0.7285157167321865
360.0,-0.0418181879292823
361.0,-0.07464730957503637
362.0,-0.22907882237462684
363.0,0.23141682260624913
364.0,-0.05736330456859115
365.0,-0.0971736909893112
366.0,-0.0052409753160176376
367.0,0.0525207381844065
368.0,-0.10238720886745739
369.0,-0.13446257036808992
370.0,-0.10138269901445507
371.0,0.38692303819011103
372.0,0.3943412029244247
373.0,-0.19434504241401793
374.0,0.2161623423855903
375.0,0.4897134214087671
376.0,0.28502629327259343
377.0,-0.2489747609228675
378.0,0.12646050056557057
379.0,0.08391777209558315
380.0,-0.09481204185717929
381.0,-0.17564738828189988
382.0,-0.07798659214317918
383.0,-0.2972628245528216
384.0,0.5600852451225293
385.0,0.19175981916395568
386.0,-0.2635300104586843
387.0,-0.29808207350880384
388.0,0.2234473769780393
389.0,0.09690061346174783
390.0,0.06969641119290637
391.0,-0.10011479040267976
392.0,-0.00933644707040826
393.0,-0.2504419839506666
394.0,0.7653958337916019
395.0,0.13504279639041183
396.0,-0.15066089949863667
397.0,0.1573671660915042
398.0,0.22110621115285906
399.0,-0.1560260406303345
400.0,-0.11898160924213128
401.0,0.2485594602670586
402.0,0.3165620701869871
403.0,-0.010308444676109196
404.0,-0.26733879749007605
405.0,-0.11560409569742433
406.0,-0.22507382894754346
407.0,0.4180791519631779
408.0,-0.23205475236471781
409.0,0.18036384534208244
410.0,0.1332823703966382
411.0,0.3389884972048471
412.0,0.34484225867914103
413.0,0.14187149106214397
414.0,0.7088471863552852
415.0,-0.1946921888710908
416.0,-0.00612255754998714
417.0,-0.23337763119476676
418.0,0.24247402008572688
419.0,-0.1915765600110169
420.0,-0.0656944462550565
421.0,-0.21020234391799836
422.0,0.614293451111502
423.0,-0.011904677227569882
424.0,-0.16342995720206274
425.0,-0.1257409687090868
426.0,-0.17049681247491208
427.0,-0.25542888151961635
428.0,0.3402258707561594
429.0,0.03301540402660946
430.0,-0.06016108575625595
431.0,-0.1295625700143076
432.0,-0.16942551966096014
433.0,-0.2827326992849598
434.0,-0.3538411948547783
435.0,-0.28992750004352064
436.0,0.17864593948525687
437.0,-0.2999418308643952
438.0,-0.36670160013033803
439.0,0.26181785309348743
440.0,-0.28880760770060776
441.0,0.5166849629526806
442.0,1.3461001476435297
443.0,1.12060662908839
444.0,0.4692477892886629
445.0,0.08910891294870821
446.0,-0.3057361012825011
447.0,-0.19622878138534225
448.0,-0.3442871928987714
449.0,0.3708133039377808
450.0,0.9380024848938674
451.0,0.4477878274633317
452.0,-0.22459740659143584
453.0,-0.2002082305765686
454.0,-0.3392893288411283
455.0,-0.12173713705559713
456.0,0.2674280754653047
457.0,0.3699979452454946
458.0,0.013836028524883304
459.0,-0.06472732657145136
460.0,-0.13673515066947578
461.0,-0.1908075519602186
462.0,0.04904154561671564
463.0,0.6045357864882002
464.0,0.40376423751808427
465.0,0.49935326890791965
466.0,0.4637464125688393
467.0,0.7834972712215883
468.0,0.9064087946737862
469.0,-0.06032190227951051
470.0,-0.1307757873257499
471.0,-0.02760462853628376
472.0,0.20117705228457938
473.0,0.8866764098263143
474.0,0.6058392573352126
475.0,0.6428211925176671
476.0,0.9476813327153846
477.0,1.4029910099103096
478.0,1.3453924791352476
479.0,1.203999366630534
480.0,1.096799129277444
481.0,0.689863908340887
482.0,0.25424835389948963
483.0,-0.0063029517229311605
484.0,-0.4432428822119784
485.0,-0.137277089037113
486.0,-0.33056605916101256
487.0,-0.11012374233853506
488.0,0.8875504839747085
489.0,0.07704579324394778
490.0,0.1736487352741689
491.0,0.3982192135881305
492.0,0.043936569375364054
493.0,-0.30980064970473625
494.0,-0.20217156731682417
495.0,-0.07934254879744684
496.0,-0.42837645879527775
497.0,-0.19308901218451485
498.0,-0.26265366418605185
499.0,
500.0,
501.0,
502.0,
503.0,
504.0,
505.0,
506.0,
507.0,
508.0,
509.0,
510.0,
511.0,
512.0,
513.0,
514.0,
515.0,
516.0,
517.0,
518.0,
519.0,
520.0,
521.0,
522.0,
523.0,
524.0,
525.0,
526.0,
527.0,
528.0,
529.0,
530.0,
531.0,
532.0,
533.0,
534.0,
535.0,
536.0,
537.0,
538.0,
539.0,
540.0,
541.0,
542.0,
543.0,
544.0,
545.0,
546.0,
547.0,
548.0,
549.0,
550.0,
551.0,
552.0,
553.0,
554.0,
555.0,
556.0,
557.0,
558.0,
559.0,
560.0,
561.0,
562.0,
563.0,
564.0,
565.0,
566.0,
567.0,
568.0,
569.0,
570.0,
571.0,
572.0,
573.0,
574.0,
575.0,
576.0,
577.0,
578.0,
579.0,
580.0,
581.0,
582.0,
583.0,
584.0,
585.0,
586.0,
587.0,
588.0,
589.0,
590.0,
591.0,
592.0,
593.0,
594.0,
595.0,
596.0,
597.0,
598.0,
599.0,
600.0,
601.0,
602.0,
603.0,
604.0,
605.0,
606.0,
607.0,
608.0,
609.0,
610.0,
611.0,
612.0,
613.0,
614.0,
615.0,
616.0,
617.0,
618.0,
619.0,
620.0,
621.0,
622.0,
623.0,
624.0,
625.0,
626.0,
627.0,
628.0,
629.0,
630.0,
631.0,
632.0,
633.0,
634.0,
635.0,
636.0,
637.0,
638.0,
639.0,
640.0,
641.0,
642.0,
643.0,
644.0,
645.0,
646.0,
647.0,
648.0,
649.0,
650.0,
651.0,
652.0,
653.0,
654.0,
655.0,
656.0,
657.0,
658.0,
659.0,
660.0,
661.0,
662.0,
663.0,
664.0,
665.0,
666.0,
667.0,
668.0,
669.0,
670.0,
671.0,
672.0,
673.0,
674.0,
675.0,
676.0,
677.0,
678.0,
679.0,
680.0,
681.0,
682.0,
683.0,
684.0,
685.0,
686.0,
687.0,
688.0,
689.0,
690.0,
691.0,
692.0,
693.0,
694.0,
695.0,
696.0,
697.0,
698.0,
699.0,
700.0,
701.0,
702.0,
703.0,
704.0,
705.0,
706.0,
707.0,
708.0,
709.0,
710.0,
711.0,
712.0,
713.0,
714.0,
715.0,
716.0,
717.0,
718.0,
719.0,
720.0,
721.0,
722.0,
723.0,
724.0,
725.0,
726.0,
727.0,
728.0,
729.0,
730.0,
731.0,
732.0,
733.0,
734.0,
735.0,
736.0,
737.0,
738.0,
739.0,
740.0,
741.0,
742.0,
743.0,
744.0,
745.0,
746.0,
747.0,
748.0,
749.0,
750.0,
751.0,
752.0,
753.0,
754.0,
755.0,
756.0,
757.0,
758.0,
759.0,
760.0,
761.0,
762.0,
763.0,
764.0,
765.0,
766.0,
767.0,
768.0,
769.0,
770.0,
771.0,
772.0,
773.0,
774.0,
775.0,
776.0,
777.0,
778.0,
779.0,
780.0,
781.0,
782.0,
783.0,
784.0,
785.0,
786.0,
787.0,
788.0,
789.0,
790.0,
791.0,
792.0,
793.0,
794.0,
795.0,
796.0,
797.0,
798.0,
799.0,
800.0,
801.0,
802.0,
803.0,
804.0,
805.0,
806.0,
807.0,
808.0,
809.0,
810.0,
811.0,
812.0,
813.0,
814.0,
815.0,
816.0,
817.0,
818.0,
819.0,
820.0,
821.0,
822.0,
823.0,
824.0,
825.0,
826.0,
827.0,
828.0,
829.0,
830.0,
831.0,
832.0,
833.0,
834.0,
835.0,
836.0,
837.0,
838.0,
839.0,
840.0,
841.0,
842.0,
843.0,
844.0,
845.0,
846.0,
847.0,
848.0,
849.0,
850.0,
851.0,
852.0,
853.0,
854.0,
855.0,
856.0,
857.0,
858.0,
859.0,
860.0,
861.0,
862.0,
863.0,
864.0,
865.0,
866.0,
867.0,
868.0,
869.0,
870.0,
871.0,
872.0,
873.0,
874.0,
875.0,
876.0,
877.0,
878.0,
879.0,
880.0,
881.0,
882.0,
883.0,
884.0,
885.0,
886.0,
887.0,
888.0,
889.0,
890.0,
891.0,
892.0,
893.0,
894.0,
895.0,
896.0,
897.0,
898.0,
899.0,
900.0,
901.0,
902.0,
903.0,
904.0,
905.0,
906.0,
907.0,
908.0,
909.0,
910.0,
911.0,
912.0,
913.0,
914.0,
915.0,
916.0,
917.0,
918.0,
919.0,
920.0,
921.0,
922.0,
923.0,
924.0,
925.0,
926.0,
927.0,
928.0,
929.0,
930.0,
931.0,
932.0,
933.0,
934.0,
935.0,
936.0,
937.0,
938.0,
939.0,
940.0,
941.0,
942.0,
943.0,
944.0,
945.0,
946.0,
947.0,
948.0,
949.0,
950.0,
951.0,
952.0,
953.0,
954.0,
955.0,
956.0,
957.0,
958.0,
959.0,
960.0,
961.0,
962.0,
963.0,
964.0,
965.0,
966.0,
967.0,
968.0,
969.0,
970.0,
971.0,
972.0,
973.0,
974.0,
975.0,
976.0,
977.0,
978.0,
979.0,
980.0,
981.0,
982.0,
983.0,
984.0,
985.0,
986.0,
987.0,
988.0,
989.0,
990.0,
991.0,
992.0,
993.0,
994.0,
995.0,
996.0,
997.0,
998.0,
999.0,
1000.0,
1001.0,
1002.0,
1003.0,
1004.0,
1005.0,
1006.0,
1007.0,
1008.0,
1009.0,
1010.0,
1011.0,
1012.0,
1013.0,
1014.0,
1015.0,
1016.0,
1017.0,
1018.0,
1019.0,
1020.0,
1021.0,
1022.0,
1023.0,
1024.0,
1025.0,
1026.0,
1027.0,
1028.0,
1029.0,
1030.0,
1031.0,
1032.0,
1033.0,
1034.0,
1035.0,
1036.0,
1037.0,
1038.0,
1039.0,
1040.0,
1041.0,
1042.0,
1043.0,
1044.0,
1045.0,
1046.0,
1047.0,
1048.0,
1049.0,
1050.0,
1051.0,
1052.0,
1053.0,
1054.0,
1055.0,
1056.0,
1057.0,
1058.0,
1059.0,
1060.0,
1061.0,
1062.0,
1063.0,
1064.0,
1065.0,
1066.0,
1067.0,
1068.0,
1069.0,
1070.0,
1071.0,
1072.0,
1073.0,
1074.0,
1075.0,
1076.0,
1077.0,
1078.0,
1079.0,
1080.0,
1081.0,
1082.0,
1083.0,
1084.0,
1085.0,
1086.0,
1087.0,
1088.0,
1089.0,
1090.0,
1091.0,
1092.0,
1093.0,
1094.0,
1095.0,
1096.0,
1097.0,
1098.0,
1099.0,
1100.0,
1101.0,
1102.0,
1103.0,
1104.0,
1105.0,
1106.0,
1107.0,
1108.0,
1109.0,
1110.0,
1111.0,
1112.0,
1113.0,
1114.0,
1115.0,
1116.0,
1117.0,
1118.0,
1119.0,
1120.0,
1121.0,
1122.0,
1123.0,
1124.0,
1125.0,
1126.0,
1127.0,
1128.0,
1129.0,
1130.0,
1131.0,
1132.0,
1133.0,
1134.0,
1135.0,
1136.0,
1137.0,
1138.0,
1139.0,
1140.0,
1141.0,
1142.0,
1143.0,
1144.0,
1145.0,
1146.0,
1147.0,
1148.0,
1149.0,
1150.0,
1151.0,
1152.0,
1153.0,
1154.0,
1155.0,
1156.0,
1157.0,
1158.0,
1159.0,
1160.0,
1161.0,
1162.0,
1163.0,
1164.0,
1165.0,
1166.0,
1167.0,
1168.0,
1169.0,
1170.0,
1171.0,
1172.0,
1173.0,
1174.0,
1175.0,
1176.0,
1177.0,
1178.0,
1179.0,
1180.0,
1181.0,
1182.0,
1183.0,
1184.0,
1185.0,
1186.0,
1187.0,
1188.0,
1189.0,
1190.0,
1191.0,
1192.0,
1193.0,
1194.0,
1195.0,
1196.0,
1197.0,
1198.0,
1199.0,
1200.0,
1201.0,
1202.0,
1203.0,
1204.0,
1205.0,
1206.0,
1207.0,
1208.0,
1209.0,
1210.0,
1211.0,
1212.0,
1213.0,
1214.0,
1215.0,
1216.0,
1217.0,
1218.0,
1219.0,
1220.0,
1221.0,
1222.0,
1223.0,
1224.0,
1225.0,
1226.0,
1227.0,
1228.0,
1229.0,
1230.0,
1231.0,
1232.0,
1233.0,
1234.0,
1235.0,
1236.0,
1237.0,
1238.0,
1239.0,
1240.0,
1241.0,
1242.0,
1243.0,
1244.0,
1245.0,
1246.0,
1247.0,
1248.0,
1249.0,
1250.0,
1251.0,
1252.0,
1253.0,
1254.0,
1255.0,
1256.0,
1257.0,
1258.0,
1259.0,
1260.0,
1261.0,
1262.0,
1263.0,
1264.0,
1265.0,
1266.0,
1267.0,
1268.0,
1269.0,
1270.0,
1271.0,
1272.0,
1273.0,
1274.0,
1275.0,
1276.0,
1277.0,
1278.0,
1279.0,
1280.0,
1281.0,
1282.0,
1283.0,
1284.0,
1285.0,
1286.0,
1287.0,
1288.0,
1289.0,
1290.0,
1291.0,
1292.0,
1293.0,
1294.0,
1295.0,
1296.0,
1297.0,
1298.0,
1299.0,
1300.0,
1301.0,
1302.0,
1303.0,
1304.0,
1305.0,
1306.0,
1307.0,
1308.0,
1309.0,
1310.0,
1311.0,
1312.0,
1313.0,
1314.0,
1315.0,
1316.0,
1317.0,
1318.0,
1319.0,
1320.0,
1321.0,
1322.0,
1323.0,
1324.0,
1325.0,
1326.0,
1327.0,
1328.0,
1329.0,
1330.0,
1331.0,
1332.0,
1333.0,
1334.0,
1335.0,
1336.0,
1337.0,
1338.0,
1339.0,
1340.0,
1341.0,
1342.0,
1343.0,
1344.0,
1345.0,
1346.0,
1347.0,
1348.0,
1349.0,
1350.0,
1351.0,
1352.0,
1353.0,
1354.0,
1355.0,
1356.0,
1357.0,
1358.0,
1359.0,
1360.0,
1361.0,
1362.0,
1363.0,
1364.0,
1365.0,
1366.0,
1367.0,
1368.0,
1369.0,
1370.0,
1371.0,
1372.0,
1373.0,
1374.0,
1375.0,
1376.0,
1377.0,
1378.0,
1379.0,
1380.0,
1381.0,
1382.0,
1383.0,
1384.0,
1385.0,
1386.0,
1387.0,
1388.0,
1389.0,
1390.0,
1391.0,
1392.0,
1393.0,
1394.0,
1395.0,
1396.0,
1397.0,
1398.0,
1399.0,
1400.0,
1401.0,
1402.0,
1403.0,
1404.0,
1405.0,
1406.0,
1407.0,
1408.0,
1409.0,
1410.0,
1411.0,
1412.0,
1413.0,
1414.0,
1415.0,
1416.0,
1417.0,
1418.0,
1419.0,
1420.0,
1421.0,
1422.0,
1423.0,
1424.0,
1425.0,
1426.0,
1427.0,
1428.0,
1429.0,
1430.0,
1431.0,
1432.0,
1433.0,
1434.0,
1435.0,
1436.0,
1437.0,
1438.0,
1439.0,
1440.0,
1441.0,
1442.0,
1443.0,
1444.0,
1445.0,
1446.0,
1447.0,
1448.0,
1449.0,
1450.0,
1451.0,
1452.0,
1453.0,
1454.0,
1455.0,
1456.0,
1457.0,
1458.0,
1459.0,
1460.0,
1461.0,
1462.0,
1463.0,
1464.0,
1465.0,
1466.0,
1467.0,
1468.0,
1469.0,
1470.0,
1471.0,
1472.0,
1473.0,
1474.0,
1475.0,
1476.0,
1477.0,
1478.0,
1479.0,
1480.0,
1481.0,
1482.0,
1483.0,
1484.0,
1485.0,
1486.0,
1487.0,
1488.0,
1489.0,
1490.0,
1491.0,
1492.0,
1493.0,
1494.0,
1495.0,
1496.0,
1497.0,
1498.0,
1499.0,
