Time,residuals
0.0,0.2634034374560564
1.0,-0.023850605623062182
2.0,-0.04217849286303577
3.0,0.022168937408678112
4.0,-0.0427093984050094
5.0,0.1521483883814034
6.0,-0.007530549339978945
7.0,-0.015448093555809343
8.0,-0.032795177641970895
9.0,-0.043236586072890555
10.0,0.02307915923824877
11.0,-0.04100095117225458
12.0,-0.023323582546973528
13.0,-0.04185653268745707
14.0,0.18146128508320689
15.0,-0.019495566741952228
16.0,-0.04202571441535171
17.0,0.11782845522749269
18.0,-0.00927862080750394
19.0,-0.0421589122940909
20.0,-0.017272765348140588
21.0,-0.04101902279756442
22.0,0.11496210148835521
23.0,-0.023366428428520637
24.0,0.35400236166092724
25.0,0.03672876805585191
26.0,-0.030104951742245
27.0,-0.043097765422969114
28.0,0.03424711104278108
29.0,-0.019501680676392904
30.0,-0.047364464925917824
31.0,0.03149290196244332
32.0,-0.04709193046906563
33.0,0.12898172290959609
34.0,-0.018260687695660353
35.0,-0.03821117042804932
36.0,-0.04589201982413827
37.0,0.026954505674076312
38.0,-0.040980516957873386
39.0,0.15235923155528253
40.0,-0.03089654689505849
41.0,0.1392976448036518
42.0,-0.017982238015056558
43.0,0.16350462466892535
44.0,0.0028220766297352706
45.0,-0.028130014885880822
46.0,-0.045978562146704025
47.0,0.03511178555036747
48.0,-0.02663081680856986
49.0,0.44176203343338066
50.0,0.020742706098823484
51.0,-0.04801103778762822
52.0,-0.006910053370258469
53.0,-0.04293808539349248
54.0,-0.04882696621788394
55.0,0.0935424655813459
56.0,-0.027572831618348732
57.0,0.0721099690222656
58.0,-0.04319316907775886
59.0,0.4480406681695431
60.0,0.02947456351574973
61.0,-0.03763461616677824
62.0,-0.04952717151953128
63.0,0.08039476632240192
64.0,-0.018550964935257402
65.0,-0.037860660498856114
66.0,0.35489479734331464
67.0,0.0504865938240192
68.0,-0.02732995349381871
69.0,-0.05250637945014125
70.0,0.16620820116892418
71.0,-0.011812465976956822
72.0,-0.049636203955838065
73.0,-0.04144597448929229
74.0,0.5031851432703406
75.0,0.004725231729108166
76.0,-0.04313387688597524
77.0,0.034825048864715
78.0,-0.04383861293299174
79.0,-0.0333377617952271
80.0,0.4695549544803025
81.0,0.017093418462305145
82.0,-0.041734813398799926
83.0,0.2119430163673083
84.0,0.018670043253793525
85.0,-0.050222067872989495
86.0,0.13343239186754235
87.0,-0.017274976840853266
88.0,0.6391342438020251
89.0,0.043761264026923256
90.0,-0.05002636401031704
91.0,-0.04988993519149815
92.0,0.07968289746783372
93.0,-0.0381265854127621
94.0,0.2869940290711835
95.0,0.07810252059748944
96.0,-0.031804198714795805
97.0,0.22367232999800835
98.0,0.023625039955340793
99.0,-0.03357143734336161
100.0,-0.05122747924515768
101.0,0.16432666640365196
102.0,0.017415051348433887
103.0,-0.019530837571466245
104.0,-0.05225566760425338
105.0,0.0023865777953987755
106.0,-0.031084302832598595
107.0,-0.05230548027133676
108.0,0.04685112090509084
109.0,0.07234807919905868
110.0,-0.030103767517833318
111.0,-0.04457702322282428
112.0,0.36433600552805795
113.0,0.017569649065846966
114.0,-0.03863959434904919
115.0,0.37678776662290725
116.0,0.06091935535233429
117.0,-0.04171988875532714
118.0,-0.03779515063257165
119.0,-0.04816319329650882
120.0,0.0032290872091219752
121.0,-0.016170326110684814
122.0,-0.03981239008755945
123.0,0.4483531846411043
124.0,0.04261310671905913
125.0,0.005602930854215336
126.0,-0.030622432135643723
127.0,-0.05097505689186048
128.0,0.09539941164094293
129.0,-0.02482619575584648
130.0,0.3972540779332123
131.0,0.052953679117947364
132.0,-0.023751471498220347
133.0,-0.024512303438859715
134.0,-0.04701202366094442
135.0,-0.04717437471320293
136.0,0.25775717745084636
137.0,0.028460805853580684
138.0,-0.0210031676682065
139.0,-0.03945011829201571
140.0,-0.045755511588701864
141.0,0.2184428576012712
142.0,0.06726096817182461
143.0,-0.03242685330292684
144.0,0.2769397989331333
145.0,0.02618599295476577
146.0,0.08765003000731653
147.0,-0.015582341435554918
148.0,-0.04834678886266805
149.0,0.11113533540422776
150.0,-0.03629946808002579
151.0,0.3772882831252488
152.0,0.008489321846376865
153.0,-0.032622390888802096
154.0,-0.03548023219577263
155.0,-0.018809477884977957
156.0,-0.042087771855671516
157.0,0.3290945007313305
158.0,0.05977572250691031
159.0,-0.029546052450455655
160.0,-0.01878641193915491
161.0,-0.04820353867931795
162.0,0.11954912036787821
163.0,-0.025313091781219058
164.0,-0.019747996992708128
165.0,-0.022033016518752717
166.0,-0.048020955742479644
167.0,0.3320769579474002
168.0,0.04865395606218816
169.0,-0.031344216151779306
170.0,-0.04768480663974543
171.0,0.05137054174166701
172.0,-0.001563571233443882
173.0,-0.03589013277129299
174.0,0.05961927329868951
175.0,-0.03153284735885323
176.0,-0.04329552259722275
177.0,0.35007195247194145
178.0,0.010863775815090376
179.0,-0.00030373446575869545
180.0,-0.03235773164176394
181.0,-0.05141588360313263
182.0,0.1527396831417444
183.0,-0.03803726900880736
184.0,0.11987012540549542
185.0,-0.004047162608247168
186.0,-0.05186888162543355
187.0,-0.038263558261406844
188.0,0.35262405523272355
189.0,0.06003284135981554
190.0,0.012854059504142971
191.0,-0.03143698576585875
192.0,-0.014775659764316183
193.0,-0.044975960982756524
194.0,0.20548179073778472
195.0,-0.015784330885765863
196.0,0.4804456013784821
197.0,0.0843184884658616
198.0,-0.026492289597456566
199.0,-0.03867826561126311
200.0,-0.04650115923074064
201.0,0.0018961622492292968
202.0,-0.03151969437145605
203.0,-0.04367548002336727
204.0,0.1845115651528207
205.0,-0.0251753807419372
206.0,-0.046211302829855104
207.0,0.24258966635474444
208.0,0.013221172034552447
209.0,-0.017175303200752758
210.0,0.24115235733352355
211.0,0.043435604218782085
212.0,-0.04990874390467608
213.0,0.22133467123551454
214.0,-0.018883765831501212
215.0,-0.048097127539799625
216.0,-0.03553597437585588
217.0,-0.05247422636952597
218.0,0.034133513685396244
219.0,-0.01802744854275773
220.0,0.4013842723188279
221.0,0.07339658320241152
222.0,0.01938798355629149
223.0,-0.02238137703540767
224.0,-0.056036924628547244
225.0,0.22928871684342686
226.0,0.006773742073052473
227.0,-0.03678221790637235
228.0,-0.04910261814638522
229.0,0.019755904765180257
230.0,-0.03877981041162236
231.0,-0.04471847477089885
232.0,-0.055847713072502775
233.0,0.0736608062305357
234.0,-0.0033920426847428298
235.0,-0.015136271292766769
236.0,0.5116456703275595
237.0,0.0885124329321581
238.0,-0.03277292159143347
239.0,-0.04224273894999071
240.0,-0.041620284572693574
241.0,0.5586795119283158
242.0,0.28723805392398316
243.0,0.01720049007351309
244.0,-0.051619166011060265
245.0,0.10272939270854428
246.0,-0.04118965284227716
247.0,-0.055536168659985966
248.0,0.19092382495672275
249.0,0.02770004937429195
250.0,-0.03384469332605418
251.0,-0.055252449172396266
252.0,0.3775444147768173
253.0,0.02410480055458724
254.0,-0.05134467576861657
255.0,0.3844960534961678
256.0,0.12318230339245095
257.0,-0.025836969508100063
258.0,-0.054375137599859645
259.0,0.04535195887849502
260.0,-0.04234182825369792
261.0,-0.05785477015213098
262.0,0.2909902573375278
263.0,0.052166060587178396
264.0,-0.02918833948702288
265.0,-0.017719482724255317
266.0,-0.051630074217165964
267.0,0.46322252142528414
268.0,0.14646915885895587
269.0,-0.030040187586424988
270.0,-0.05961082152076085
271.0,0.17465273958876318
272.0,0.09825234509396796
273.0,-0.009327694468654113
274.0,-0.051628547428350546
275.0,-0.0608293464727001
276.0,0.05928712640240823
277.0,-0.015289010098257581
278.0,0.45412167373261025
279.0,0.028681953164367835
280.0,-0.03733545470084158
281.0,-0.03823696816346152
282.0,-0.05293338928365333
283.0,-0.06338192307910356
284.0,0.20117192662556543
285.0,0.04728286029926185
286.0,0.00417694339908406
287.0,-0.05943248324097637
288.0,0.19444434835444963
289.0,0.034902948450155735
290.0,-0.009450190896384755
291.0,-0.06459510347272054
292.0,0.018186754503879313
293.0,-0.03552536491335074
294.0,-0.05046944877913166
295.0,0.3363318206802257
296.0,0.14257455493602156
297.0,0.05281856006328939
298.0,-0.001587511400593794
299.0,-0.04362704636179322
300.0,-0.026740041094215974
301.0,-0.016713287562422928
302.0,-0.0438567373763573
303.0,-0.06766992580403045
304.0,-0.04594239835606069
305.0,-0.04945076545539949
306.0,-0.05121675972730259
307.0,0.09589841488374164
308.0,0.10049991156406632
309.0,0.032105164687128304
310.0,0.008415882043266987
311.0,-0.026046896978034542
312.0,-0.06504342795571838
313.0,0.26301534121371706
314.0,0.10768534858768729
315.0,-0.008584811721530208
316.0,-0.03417182625038153
317.0,-0.03450247781825517
318.0,-0.018415604034650777
319.0,-0.06694097016569918
320.0,0.029745099667693384
321.0,-0.046841402416629305
322.0,-0.05613247110673811
323.0,0.45389505939157704
324.0,0.12509508799267388
325.0,-0.0016602978284228076
326.0,-0.026906062725765963
327.0,0.372101424422369
328.0,0.2697772048818136
329.0,0.13685791142849174
330.0,0.03790725211613419
331.0,-0.012832123827312067
332.0,-0.06958066728357114
333.0,0.28217967724855025
334.0,0.2513621982805023
335.0,0.08694502919262505
336.0,0.07725947678775903
337.0,-0.007168015590519966
338.0,-0.03074794438012276
339.0,-0.06041254099217339
340.0,-0.032477076176393574
341.0,-0.05260334618349293
342.0,0.04223938884033848
343.0,-0.058158964242018996
344.0,0.015635437161340138
345.0,-0.022806098033289
346.0,-0.05249353344409743
347.0,0.6567171545367342
348.0,0.27965632586390715
349.0,0.07214651542074639
350.0,-0.03249255510328475
351.0,-0.05909914453925409
352.0,-0.05659233323551896
353.0,-0.07181828091228258
354.0,0.37552537233822214
355.0,0.18854599942475866
356.0,-0.019045771143579512
357.0,-0.051536266218141294
358.0,-0.06411713606801489
359.0,-0.06651825149956878
360.0,0.39392709839413287
361.0,0.19387002227727052
362.0,0.08472605653485644
363.0,-0.0335730141880368
364.0,-0.07219379420423142
365.0,-0.06417359705403435
366.0,0.1862378203606744
367.0,-0.05192409384567466
368.0,-0.07503129377502378
369.0,0.030446283419090447
370.0,-0.03802383575927198
371.0,0.21882007067832887
372.0,0.036788661594660044
373.0,-0.03170460629075935
374.0,-0.06010474876762249
375.0,-0.0670350695912114
376.0,-0.07551697834136221
377.0,0.11735266976527842
378.0,0.01267367672999066
379.0,0.01169366707292048
380.0,-0.04765150749565611
381.0,-0.06184129604979796
382.0,0.2588340802853088
383.0,0.07128607397695533
384.0,0.08235044864537447
385.0,0.01491151008320156
386.0,-0.006427340377796187
387.0,-0.05513804201285299
388.0,0.7930787104504011
389.0,0.2771298974168822
390.0,0.18166043471665844
391.0,0.04743868686816663
392.0,-0.021746730990131885
393.0,-0.07692155921175628
394.0,-0.07617649547791387
395.0,0.6728302970648575
396.0,0.3519135726695847
397.0,0.14176329446878938
398.0,0.0181479198471209
399.0,-0.061734998435593075
400.0,-0.04738252196289217
401.0,0.1471011976860332
402.0,0.07205013743754721
403.0,-0.008173622151027363
404.0,-0.022761011941266784
405.0,-0.057620881062697124
406.0,-0.055942254650049546
407.0,-0.08350246677540374
408.0,0.5348469031172235
409.0,0.18069593661934047
410.0,0.12237267796737343
411.0,0.031104306366616638
412.0,-0.06011134381365831
413.0,-0.08173666267981215
414.0,0.1835763414132755
415.0,0.01214724106128845
416.0,-0.01764384877462344
417.0,-0.006623801017591066
418.0,-0.06356343377915075
419.0,0.11589420710630376
420.0,-0.03060225111821984
421.0,-0.07075450008187353
422.0,-0.07894367426185073
423.0,0.20986239309603205
424.0,0.01744163592358136
425.0,-0.04033351844902786
426.0,-0.061311836156601976
427.0,0.0612475676277143
428.0,0.006296218858460767
429.0,-0.0770279846215069
430.0,0.5717986799173167
431.0,0.37390901573624485
432.0,0.20807550174886202
433.0,0.06459115673952086
434.0,-0.014802765125374762
435.0,-0.007168680102372427
436.0,-0.07067142887603012
437.0,0.16532746197742557
438.0,0.02536878578178564
439.0,-0.014074680784464486
440.0,-0.01687598146611198
441.0,-0.006808083031954071
442.0,-0.024122337943119805
443.0,-0.06516570053062846
444.0,-0.0460929839933864
445.0,-0.06250696677683944
446.0,-0.07197694347191726
447.0,-0.07657397554853364
448.0,-0.06898172586164697
449.0,0.06348184091142475
450.0,-0.006753045166433921
451.0,-0.02804045752464475
452.0,-0.04632247426231743
453.0,-0.044527209360496145
454.0,-0.07514158605883767
455.0,0.59769071843877
456.0,0.3272063875739905
457.0,0.07186239642930689
458.0,0.050418560984132846
459.0,-0.03343744439515303
460.0,-0.07957025283384803
461.0,0.42460428656833066
462.0,0.27351901797537626
463.0,0.16227594456593203
464.0,0.03411629410012118
465.0,-0.027658142495389962
466.0,0.0905177921021729
467.0,-0.0006464167415081018
468.0,-0.05098791284214839
469.0,0.015043529291823468
470.0,0.014897341902831165
471.0,-0.07763185748184508
472.0,-0.056149963976580744
473.0,-0.0922226551564598
474.0,0.13988272079319158
475.0,0.01367826533216894
476.0,-0.06567395786034166
477.0,-0.1020259406787122
478.0,0.199918147976465
479.0,0.011136610476407141
480.0,0.003259034159285648
481.0,-0.052315724513565795
482.0,-0.008765692429359498
483.0,0.007514670588992509
484.0,-0.05126624201134966
485.0,0.2948050103143395
486.0,0.33631043588936693
487.0,0.1560205867953245
488.0,0.05416868288532635
489.0,0.1060650605054343
490.0,0.032603563548074754
491.0,-0.03505768057499149
492.0,-0.03601411643125106
493.0,-0.11077572974163445
494.0,-0.1093387450962703
495.0,-0.12362286893278396
496.0,-0.1086054262273613
497.0,0.862749619730287
498.0,0.4767197225102909
499.0,0.3527491821397386
500.0,0.25541049817661693
501.0,0.2995509221169982
502.0,0.1542567926075543
503.0,0.14087222326093018
504.0,0.10747403069023091
505.0,0.038950026374301686
506.0,0.14826383048823055
507.0,0.08165791633392085
508.0,-0.006159258363056794
509.0,-0.09610347062043725
510.0,-0.108139855398394
511.0,-0.12022100776340444
512.0,0.5232465402464751
513.0,0.6559076047367162
514.0,0.44376837357054966
515.0,0.36799262966422597
516.0,0.24937285864684866
517.0,0.03517561172014083
518.0,-0.007242488803163402
519.0,-0.01873715224974072
520.0,-0.00676823611127024
521.0,-0.08690748637469047
522.0,0.35414757710378925
523.0,0.2574768464707749
524.0,0.12727630383683344
525.0,0.06019851226860508
526.0,0.03083753590878298
527.0,-0.0553339788012006
528.0,-0.0897881915660814
529.0,0.3095805704595712
530.0,0.15132419957771306
531.0,0.16678989495332108
532.0,0.18455821209496204
533.0,0.21944743718954618
534.0,0.06745200225532072
535.0,-0.05089297927943652
536.0,-0.05605321031988746
537.0,-0.05119886299063786
538.0,-0.0451563174008158
539.0,-0.08727732021507352
540.0,-0.0267184303741258
541.0,-0.10679073647666701
542.0,-0.10638663224825395
543.0,-0.055193367243007545
544.0,-0.10338928602336223
545.0,-0.07553371851994152
546.0,-0.03517726885552733
547.0,0.0010325106912161264
548.0,0.06941717364300244
549.0,-0.013438049645245018
550.0,-0.04457510453212438
551.0,-0.041804311174392025
552.0,-0.06905565277498815
553.0,-0.06245087640687098
554.0,-0.08758592863762127
555.0,-0.10844969527746488
556.0,-0.08504246907960801
557.0,-0.09949874698428508
558.0,-0.10557968322727873
559.0,0.7456990535859336
560.0,0.5140889343159407
561.0,0.4086095566386116
562.0,0.5089297385843777
563.0,0.3169615948525651
564.0,0.22765326899035934
565.0,0.015677752122100472
566.0,-0.04672850402552829
567.0,-0.059138555602491975
568.0,-0.10638695947456274
569.0,0.6790007234904238
570.0,0.5405191885278614
571.0,0.38720850147050384
572.0,0.2074676967290588
573.0,0.06550800827408032
574.0,0.05907209074172508
575.0,0.004404918838473451
576.0,-0.06282136030609796
577.0,0.01901827804721329
578.0,0.10671523520916437
579.0,0.21443415183946418
580.0,0.1274092676960144
581.0,-0.033046098130553606
582.0,-0.05244275067550194
583.0,-0.1130012997527057
584.0,-0.0811260270414074
585.0,0.15593220569743385
586.0,0.08680698572449008
587.0,0.03981526261748347
588.0,0.07245510080463424
589.0,0.033250354224434675
590.0,
591.0,
592.0,
593.0,
594.0,
595.0,
596.0,
597.0,
598.0,
599.0,
600.0,
601.0,
602.0,
603.0,
604.0,
605.0,
606.0,
607.0,
608.0,
609.0,
610.0,
611.0,
612.0,
613.0,
614.0,
615.0,
616.0,
617.0,
618.0,
619.0,
620.0,
621.0,
622.0,
623.0,
624.0,
625.0,
626.0,
627.0,
628.0,
629.0,
630.0,
631.0,
632.0,
633.0,
634.0,
635.0,
636.0,
637.0,
638.0,
639.0,
640.0,
641.0,
642.0,
643.0,
644.0,
645.0,
646.0,
647.0,
648.0,
649.0,
650.0,
651.0,
652.0,
653.0,
654.0,
655.0,
656.0,
657.0,
658.0,
659.0,
660.0,
661.0,
662.0,
663.0,
664.0,
665.0,
666.0,
667.0,
668.0,
669.0,
670.0,
671.0,
672.0,
673.0,
674.0,
675.0,
676.0,
677.0,
678.0,
679.0,
680.0,
681.0,
682.0,
683.0,
684.0,
685.0,
686.0,
687.0,
688.0,
689.0,
690.0,
691.0,
692.0,
693.0,
694.0,
695.0,
696.0,
697.0,
698.0,
699.0,
700.0,
701.0,
702.0,
703.0,
704.0,
705.0,
706.0,
707.0,
708.0,
709.0,
710.0,
711.0,
712.0,
713.0,
714.0,
715.0,
716.0,
717.0,
718.0,
719.0,
720.0,
721.0,
722.0,
723.0,
724.0,
725.0,
726.0,
727.0,
728.0,
729.0,
730.0,
731.0,
732.0,
733.0,
734.0,
735.0,
736.0,
737.0,
738.0,
739.0,
740.0,
741.0,
742.0,
743.0,
744.0,
745.0,
746.0,
747.0,
748.0,
749.0,
750.0,
751.0,
752.0,
753.0,
754.0,
755.0,
756.0,
757.0,
758.0,
759.0,
760.0,
761.0,
762.0,
763.0,
764.0,
765.0,
766.0,
767.0,
768.0,
769.0,
770.0,
771.0,
772.0,
773.0,
774.0,
775.0,
776.0,
777.0,
778.0,
779.0,
780.0,
781.0,
782.0,
783.0,
784.0,
785.0,
786.0,
787.0,
788.0,
789.0,
790.0,
791.0,
792.0,
793.0,
794.0,
795.0,
796.0,
797.0,
798.0,
799.0,
800.0,
801.0,
802.0,
803.0,
804.0,
805.0,
806.0,
807.0,
808.0,
809.0,
810.0,
811.0,
812.0,
813.0,
814.0,
815.0,
816.0,
817.0,
818.0,
819.0,
820.0,
821.0,
822.0,
823.0,
824.0,
825.0,
826.0,
827.0,
828.0,
829.0,
830.0,
831.0,
832.0,
833.0,
834.0,
835.0,
836.0,
837.0,
838.0,
839.0,
840.0,
841.0,
842.0,
843.0,
844.0,
845.0,
846.0,
847.0,
848.0,
849.0,
850.0,
851.0,
852.0,
853.0,
854.0,
855.0,
856.0,
857.0,
858.0,
859.0,
860.0,
861.0,
862.0,
863.0,
864.0,
865.0,
866.0,
867.0,
868.0,
869.0,
870.0,
871.0,
872.0,
873.0,
874.0,
875.0,
876.0,
877.0,
878.0,
879.0,
880.0,
881.0,
882.0,
883.0,
884.0,
885.0,
886.0,
887.0,
888.0,
889.0,
890.0,
891.0,
892.0,
893.0,
894.0,
895.0,
896.0,
897.0,
898.0,
899.0,
900.0,
901.0,
902.0,
903.0,
904.0,
905.0,
906.0,
907.0,
908.0,
909.0,
910.0,
911.0,
912.0,
913.0,
914.0,
915.0,
916.0,
917.0,
918.0,
919.0,
920.0,
921.0,
922.0,
923.0,
924.0,
925.0,
926.0,
927.0,
928.0,
929.0,
930.0,
931.0,
932.0,
933.0,
934.0,
935.0,
936.0,
937.0,
938.0,
939.0,
940.0,
941.0,
942.0,
943.0,
944.0,
945.0,
946.0,
947.0,
948.0,
949.0,
950.0,
951.0,
952.0,
953.0,
954.0,
955.0,
956.0,
957.0,
958.0,
959.0,
960.0,
961.0,
962.0,
963.0,
964.0,
965.0,
966.0,
967.0,
968.0,
969.0,
970.0,
971.0,
972.0,
973.0,
974.0,
975.0,
976.0,
977.0,
978.0,
979.0,
980.0,
981.0,
982.0,
983.0,
984.0,
985.0,
986.0,
987.0,
988.0,
989.0,
990.0,
991.0,
992.0,
993.0,
994.0,
995.0,
996.0,
997.0,
998.0,
999.0,
1000.0,
1001.0,
1002.0,
1003.0,
1004.0,
1005.0,
1006.0,
1007.0,
1008.0,
1009.0,
1010.0,
1011.0,
1012.0,
1013.0,
1014.0,
1015.0,
1016.0,
1017.0,
1018.0,
1019.0,
1020.0,
1021.0,
1022.0,
1023.0,
1024.0,
1025.0,
1026.0,
1027.0,
1028.0,
1029.0,
1030.0,
1031.0,
1032.0,
1033.0,
1034.0,
1035.0,
1036.0,
1037.0,
1038.0,
1039.0,
1040.0,
1041.0,
1042.0,
1043.0,
1044.0,
1045.0,
1046.0,
1047.0,
1048.0,
1049.0,
1050.0,
1051.0,
1052.0,
1053.0,
1054.0,
1055.0,
1056.0,
1057.0,
1058.0,
1059.0,
1060.0,
1061.0,
1062.0,
1063.0,
1064.0,
1065.0,
1066.0,
1067.0,
1068.0,
1069.0,
1070.0,
1071.0,
1072.0,
1073.0,
1074.0,
1075.0,
1076.0,
1077.0,
1078.0,
1079.0,
1080.0,
1081.0,
1082.0,
1083.0,
1084.0,
1085.0,
1086.0,
1087.0,
1088.0,
1089.0,
1090.0,
1091.0,
1092.0,
1093.0,
1094.0,
1095.0,
1096.0,
1097.0,
1098.0,
1099.0,
1100.0,
1101.0,
1102.0,
1103.0,
1104.0,
1105.0,
1106.0,
1107.0,
1108.0,
1109.0,
1110.0,
1111.0,
1112.0,
1113.0,
1114.0,
1115.0,
1116.0,
1117.0,
1118.0,
1119.0,
1120.0,
1121.0,
1122.0,
1123.0,
1124.0,
1125.0,
1126.0,
1127.0,
1128.0,
1129.0,
1130.0,
1131.0,
1132.0,
1133.0,
1134.0,
1135.0,
1136.0,
1137.0,
1138.0,
1139.0,
1140.0,
1141.0,
1142.0,
1143.0,
1144.0,
1145.0,
1146.0,
1147.0,
1148.0,
1149.0,
1150.0,
1151.0,
1152.0,
1153.0,
1154.0,
1155.0,
1156.0,
1157.0,
1158.0,
1159.0,
1160.0,
1161.0,
1162.0,
1163.0,
1164.0,
1165.0,
1166.0,
1167.0,
1168.0,
1169.0,
1170.0,
1171.0,
1172.0,
1173.0,
1174.0,
1175.0,
1176.0,
1177.0,
1178.0,
1179.0,
1180.0,
1181.0,
1182.0,
1183.0,
1184.0,
1185.0,
1186.0,
1187.0,
1188.0,
1189.0,
1190.0,
1191.0,
1192.0,
1193.0,
1194.0,
1195.0,
1196.0,
1197.0,
1198.0,
1199.0,
1200.0,
1201.0,
1202.0,
1203.0,
1204.0,
1205.0,
1206.0,
1207.0,
1208.0,
1209.0,
1210.0,
1211.0,
1212.0,
1213.0,
1214.0,
1215.0,
1216.0,
1217.0,
1218.0,
1219.0,
1220.0,
1221.0,
1222.0,
1223.0,
1224.0,
1225.0,
1226.0,
1227.0,
1228.0,
1229.0,
1230.0,
1231.0,
1232.0,
1233.0,
1234.0,
1235.0,
1236.0,
1237.0,
1238.0,
1239.0,
1240.0,
1241.0,
1242.0,
1243.0,
1244.0,
1245.0,
1246.0,
1247.0,
1248.0,
1249.0,
1250.0,
1251.0,
1252.0,
1253.0,
1254.0,
1255.0,
1256.0,
1257.0,
1258.0,
1259.0,
1260.0,
1261.0,
1262.0,
1263.0,
1264.0,
1265.0,
1266.0,
1267.0,
1268.0,
1269.0,
1270.0,
1271.0,
1272.0,
1273.0,
1274.0,
1275.0,
1276.0,
1277.0,
1278.0,
1279.0,
1280.0,
1281.0,
1282.0,
1283.0,
1284.0,
1285.0,
1286.0,
1287.0,
1288.0,
1289.0,
1290.0,
1291.0,
1292.0,
1293.0,
1294.0,
1295.0,
1296.0,
1297.0,
1298.0,
1299.0,
1300.0,
1301.0,
1302.0,
1303.0,
1304.0,
1305.0,
1306.0,
1307.0,
1308.0,
1309.0,
1310.0,
1311.0,
1312.0,
1313.0,
1314.0,
1315.0,
1316.0,
1317.0,
1318.0,
1319.0,
1320.0,
1321.0,
1322.0,
1323.0,
1324.0,
1325.0,
1326.0,
1327.0,
1328.0,
1329.0,
1330.0,
1331.0,
1332.0,
1333.0,
1334.0,
1335.0,
1336.0,
1337.0,
1338.0,
1339.0,
1340.0,
1341.0,
1342.0,
1343.0,
1344.0,
1345.0,
1346.0,
1347.0,
1348.0,
1349.0,
1350.0,
1351.0,
1352.0,
1353.0,
1354.0,
1355.0,
1356.0,
1357.0,
1358.0,
1359.0,
1360.0,
1361.0,
1362.0,
1363.0,
1364.0,
1365.0,
1366.0,
1367.0,
1368.0,
1369.0,
1370.0,
1371.0,
1372.0,
1373.0,
1374.0,
1375.0,
1376.0,
1377.0,
1378.0,
1379.0,
1380.0,
1381.0,
1382.0,
1383.0,
1384.0,
1385.0,
1386.0,
1387.0,
1388.0,
1389.0,
1390.0,
1391.0,
1392.0,
1393.0,
1394.0,
1395.0,
1396.0,
1397.0,
1398.0,
1399.0,
1400.0,
1401.0,
1402.0,
1403.0,
1404.0,
1405.0,
1406.0,
1407.0,
1408.0,
1409.0,
1410.0,
1411.0,
1412.0,
1413.0,
1414.0,
1415.0,
1416.0,
1417.0,
1418.0,
1419.0,
1420.0,
1421.0,
1422.0,
1423.0,
1424.0,
1425.0,
1426.0,
1427.0,
1428.0,
1429.0,
1430.0,
1431.0,
1432.0,
1433.0,
1434.0,
1435.0,
1436.0,
1437.0,
1438.0,
1439.0,
1440.0,
1441.0,
1442.0,
1443.0,
1444.0,
1445.0,
1446.0,
1447.0,
1448.0,
1449.0,
1450.0,
1451.0,
1452.0,
1453.0,
1454.0,
1455.0,
1456.0,
1457.0,
1458.0,
1459.0,
1460.0,
1461.0,
1462.0,
1463.0,
1464.0,
1465.0,
1466.0,
1467.0,
1468.0,
1469.0,
1470.0,
1471.0,
1472.0,
1473.0,
1474.0,
1475.0,
1476.0,
1477.0,
1478.0,
1479.0,
1480.0,
1481.0,
1482.0,
1483.0,
1484.0,
1485.0,
1486.0,
1487.0,
1488.0,
1489.0,
1490.0,
1491.0,
1492.0,
1493.0,
1494.0,
1495.0,
1496.0,
1497.0,
1498.0,
1499.0,
