Time,residuals
0.0,0.07351808346861302
1.0,-0.21504324805315164
2.0,0.17472233393874606
3.0,-0.15129123288405893
4.0,-0.05249303578845943
5.0,0.24726098635486773
6.0,0.11100245384796781
7.0,-0.1794849260647333
8.0,-0.11583737904188893
9.0,-0.08631419897597623
10.0,0.5495071393993877
11.0,-0.0609384054476452
12.0,-0.1243503457167324
13.0,0.31584056435136676
14.0,0.3886096138016841
15.0,0.11351573473655943
16.0,-0.1449612050512165
17.0,0.03867285138024476
18.0,-0.16433883609476313
19.0,-0.15846010656286302
20.0,-0.13977066701096122
21.0,0.020125972590823743
22.0,-0.08376711859981659
23.0,-0.20473005399017039
24.0,0.5545931331147661
25.0,-0.10285512657724491
26.0,-0.21771586083836061
27.0,0.034590174161316434
28.0,-0.14428654998053597
29.0,-0.05068710202133017
30.0,0.19178897310085835
31.0,-0.041009949182514466
32.0,0.4929400899483228
33.0,-0.07959791727896964
34.0,-0.20095628468190735
35.0,-0.2281931368747935
36.0,0.21671843857620038
37.0,-0.13253916342428468
38.0,-0.004433547894243245
39.0,-0.14917439727266257
40.0,-0.21960529617518382
41.0,-0.2222449698539771
42.0,-0.21220898694950024
43.0,-0.08954052771236132
44.0,-0.25319990485820876
45.0,0.4670917648779749
46.0,0.42596396172203843
47.0,0.13967256485504953
48.0,0.31257223732721345
49.0,0.09259381532037364
50.0,-0.12761453135657777
51.0,0.05084740241067642
52.0,-0.06232556970257139
53.0,0.15163887222458572
54.0,-0.0003293105499377891
55.0,-0.012621060457782995
56.0,0.587494049545541
57.0,0.17436125797318497
58.0,0.09784621449722458
59.0,-0.06438293856175897
60.0,-0.16664952673377814
61.0,0.03788670202678185
62.0,0.3874824627520025
63.0,-0.0186866296503109
64.0,-0.19897317510389922
65.0,-0.16792978436564876
66.0,0.017694506644804375
67.0,-0.14151533530403865
68.0,0.040249766428863576
69.0,-0.23407651030214344
70.0,-0.11801029752498388
71.0,-0.011463472498576627
72.0,-0.066239192990449
73.0,0.007835710608266488
74.0,-0.1798044236610619
75.0,-0.22931024862472946
76.0,0.2325134553341217
77.0,-0.020531818201103613
78.0,-0.11205931354810125
79.0,0.15698288713681952
80.0,0.47372830841119956
81.0,0.41855125489139156
82.0,-0.19798661672968032
83.0,0.08376693334402147
84.0,-0.06075051672936965
85.0,-0.08779259450930349
86.0,0.26583692034846135
87.0,-0.039820861965987
88.0,0.2231844729239006
89.0,-0.24914187146724665
90.0,-0.04192948617809761
91.0,-0.06990713430699363
92.0,0.2167519300939501
93.0,0.019814125202999855
94.0,-0.24385431617639086
95.0,-0.19173773565600488
96.0,-0.14212670218420895
97.0,-0.04542529981194096
98.0,0.056266231914726406
99.0,-0.014044033904202308
100.0,-0.1859991940514917
101.0,-0.057799352529415704
102.0,0.14457379811249443
103.0,0.15404273721570783
104.0,-0.20861715256362828
105.0,-0.1956391153409899
106.0,-0.01257381121526191
107.0,0.031905183514349955
108.0,0.7386605500803004
109.0,-0.19424049970637372
110.0,-0.23223776836138166
111.0,0.027026875809966266
112.0,-0.06391105044432005
113.0,0.6333327797255963
114.0,0.01510911058413933
115.0,-0.059922051585584585
116.0,-0.05039552937890823
117.0,-0.27249193363336593
118.0,0.11229137233708875
119.0,0.3772975596089369
120.0,-0.2590684199486176
121.0,-0.15919177195626733
122.0,-0.03314536558698172
123.0,0.02259635383376296
124.0,0.2561874078626325
125.0,-0.16786622974755333
126.0,0.008709257456893937
127.0,-0.09210845132485282
128.0,0.14072096928654482
129.0,-0.058975589214785656
130.0,0.31268957786021606
131.0,0.19282737048206378
132.0,-0.00825076523183188
133.0,-0.15289263133124834
134.0,0.2522712271206078
135.0,-0.28226204902572566
136.0,-0.27781937269562196
137.0,-0.26189341302683483
138.0,0.18351018282044357
139.0,-0.2165238973278225
140.0,0.04776595883690332
141.0,0.4458707451861659
142.0,-0.08537454049860638
143.0,-0.13132106560410794
144.0,0.026769553754928732
145.0,0.029562053462661053
146.0,-0.2440940239091585
147.0,-0.14417008988691415
148.0,0.22732666653344596
149.0,0.5625212390824175
150.0,0.1242587740862941
151.0,-0.08879649881441631
152.0,-0.02283094876210623
153.0,-0.10960388558595277
154.0,0.3222756424396812
155.0,0.04928484503836722
156.0,-0.06647681077005724
157.0,0.1381164581970274
158.0,-0.12377763806867165
159.0,-0.04066629626525314
160.0,-0.24092108565235834
161.0,-0.04777254552943799
162.0,0.27732260237408507
163.0,0.06095814722083176
164.0,0.629180763905566
165.0,0.09755250887262884
166.0,-0.1995930495609959
167.0,0.3391583859982021
168.0,-0.19314849592220368
169.0,0.5090951273584943
170.0,-0.2507599132337307
171.0,0.4065869550746537
172.0,-0.19596250299700801
173.0,-0.052581516175244924
174.0,-0.2668059943093658
175.0,-0.1695748632959483
176.0,0.12950633628623748
177.0,-0.06620981018143085
178.0,0.26955945597146985
179.0,-0.29197694815038566
180.0,0.6828000890667186
181.0,-0.30322481916486693
182.0,-0.0804991095846739
183.0,-0.30207480478216636
184.0,-0.15266325599740221
185.0,0.10158884175562471
186.0,0.142428627438481
187.0,-0.25035558336803576
188.0,-0.19700810803980673
189.0,-0.10291547105250026
190.0,0.04238845616765824
191.0,0.4471447664656885
192.0,-0.12629066444519352
193.0,-0.2942153938693705
194.0,0.29426413526268597
195.0,0.11439800285064428
196.0,0.38916938599441103
197.0,-0.12617429857069568
198.0,-0.10122537056269765
199.0,0.382567996017767
200.0,1.0765081884981864
201.0,-0.0940908470629101
202.0,0.03831699443900832
203.0,-0.13335443116732817
204.0,-0.035095913923863686
205.0,-0.1661915725063667
206.0,-0.1366675835931872
207.0,-0.033479087853723055
208.0,-0.1386981471879699
209.0,-0.03246847930749075
210.0,-0.11261183213981088
211.0,-0.28231017815798654
212.0,0.1131502250612344
213.0,0.1444022251603495
214.0,-0.07587873498191278
215.0,0.16079093618940565
216.0,-0.14456922328638924
217.0,-0.1309633400950461
218.0,-0.31665303884852897
219.0,0.517182686389287
220.0,0.6505234346418427
221.0,0.3577733236749556
222.0,0.12240920713552689
223.0,-0.22517075001449066
224.0,-0.007256576637294954
225.0,-0.1797080749590023
226.0,-0.12567580775944792
227.0,-0.19278654839049217
228.0,-0.2794619645024888
229.0,0.12464493964275947
230.0,-0.15457970162190235
231.0,-0.26411668786158793
232.0,-0.04250836397614166
233.0,0.06777242129793387
234.0,0.0818589224691526
235.0,-0.09948516329799362
236.0,-0.2536109434137984
237.0,0.6465115764315869
238.0,-0.14744439823735495
239.0,0.6695144050512569
240.0,0.205458008458973
241.0,1.2261635021912352
242.0,-0.32873370709823135
243.0,-0.22949331875830575
244.0,-0.3355573942335742
245.0,0.04290633576221248
246.0,0.23932152854846328
247.0,-0.2970036745945619
248.0,-0.4151266009562686
249.0,0.19868048614966333
250.0,0.13100631240949379
251.0,0.5198662231672223
252.0,0.13125900087621484
253.0,-0.45610059156633315
254.0,-0.437200391726944
255.0,0.03348493821195275
256.0,0.6132487210042012
257.0,0.9097664220553079
258.0,1.2412072044690425
259.0,0.4359539035276807
260.0,0.302641016933596
261.0,-0.3259753648554254
262.0,0.1972280777272336
263.0,-0.0540983660063028
264.0,-0.3218165735320474
265.0,0.029822145150345314
266.0,0.30441652056933366
267.0,0.11989947320816974
268.0,0.3119833359160402
269.0,-0.13039773022329254
270.0,-0.49265617386419597
271.0,-0.4006420044727145
272.0,0.28677754167106373
273.0,0.17514861391597425
274.0,-0.20849486757672864
275.0,-0.48450768769125774
276.0,0.244081401524748
277.0,-0.07289459425571271
278.0,0.10572034506615524
279.0,0.5234371987970226
280.0,-0.4481717048726164
281.0,-0.18259597957171697
282.0,0.5319947050143696
283.0,-0.36001241124738637
284.0,-0.35906288516422014
285.0,0.5746126810458377
286.0,0.4141371770975272
287.0,-0.49761599712524507
288.0,-0.2595261716983858
289.0,0.09910229991212804
290.0,0.097415458391783
291.0,1.184346697287032
292.0,0.716417789647549
293.0,0.1375689306820389
294.0,0.029141151512138364
295.0,-0.401372649692213
296.0,0.984278216112468
297.0,0.3883030063104481
298.0,0.5630825552612343
299.0,-0.0636613267922912
300.0,-0.2609381488836326
301.0,-0.048442238407851
302.0,-0.2853757159151611
303.0,-0.18635881741263344
304.0,-0.1962709931085046
305.0,0.616826800369964
306.0,0.13028460624867266
307.0,-0.2810793448838859
308.0,-0.32476744250087
309.0,0.509666820703745
310.0,0.40028940342337704
311.0,0.12732791163623658
312.0,0.32057983233906895
313.0,-0.34848148643936516
314.0,0.5682020499224084
315.0,0.03693555280185856
316.0,0.30714105613574716
317.0,-0.04321214139728252
318.0,1.390669839166092
319.0,1.661992406833849
320.0,0.18552548797956192
321.0,0.19722172298191187
322.0,-0.21252812366462193
323.0,-0.38928791669604584
324.0,-0.34095901939137974
325.0,-0.4428179914274225
326.0,-0.04010550086314785
327.0,0.06626502211801355
328.0,-0.2847778993473215
329.0,-0.3638941336576165
330.0,-0.1608967975386228
331.0,-0.497600612399935
332.0,-0.10424053528600308
333.0,0.46847810449500193
334.0,-0.2502721471976618
335.0,-0.2869497508250444
336.0,0.11334615544523408
337.0,0.4906116444165024
338.0,0.1116518006882643
339.0,0.9831395998875108
340.0,-0.41414711939559545
341.0,-0.4402243732334771
342.0,0.5108061716133891
343.0,-0.18149393385978796
344.0,0.04339673814633738
345.0,0.09870745424416649
346.0,0.25064904409643507
347.0,-0.15557798289087799
348.0,-0.3681668503439583
349.0,0.11075915755286447
350.0,1.555034168843637
351.0,1.7187073354444653
352.0,0.38594587471054453
353.0,1.0592958848048826
354.0,0.49629678945492306
355.0,-0.49865157540019267
356.0,0.383113979807567
357.0,0.7494749792136962
358.0,-0.13821355763891052
359.0,-0.22504985996095916
360.0,-0.22077717147967357
361.0,0.45532460292554566
362.0,0.12770385151576957
363.0,-0.4166175037053359
364.0,0.03966608941605321
365.0,0.25584794920481213
366.0,-0.4526882976689874
367.0,0.36360626548531194
368.0,-0.07381693995286082
369.0,1.1581435382883707
370.0,0.8727828211508428
371.0,-0.3107145464010871
372.0,-0.342484170252007
373.0,-0.07578068397972221
374.0,-0.36364737994242463
375.0,-0.31493445667088005
376.0,0.1660546873342147
377.0,0.16590745605212243
378.0,-0.11813719264414396
379.0,0.29756477225094713
380.0,1.2914962130769028
381.0,0.821738366196183
382.0,-0.1632114511715328
383.0,-0.4005578554912076
384.0,-0.41266837598937756
385.0,0.7604277636723353
386.0,0.8879174270341276
387.0,0.6622619413422035
388.0,0.07243910594101832
389.0,1.5877580111644638
390.0,-0.4831915806686621
391.0,-0.1412125093260883
392.0,-0.06274087487947116
393.0,-0.2509960557863701
394.0,0.14231121581810258
395.0,-0.21220878546293465
396.0,-0.40904780327732193
397.0,-0.36543011448458307
398.0,0.31233900680198
399.0,0.9890452978370324
400.0,1.9172605433991476
401.0,0.5793614204477421
402.0,-0.20827460173208184
403.0,0.23665128106000854
404.0,0.10768899160592549
405.0,-0.5037425078711484
406.0,-0.08425272452140409
407.0,0.8050400293496675
408.0,0.5317173218086686
409.0,-0.07328871389177088
410.0,-0.4438351923189964
411.0,0.31782172080659665
412.0,1.236989277041498
413.0,0.09517785262848966
414.0,-0.3283846035790057
415.0,-0.4864361726667498
416.0,0.19922409887668135
417.0,0.007598290208597369
418.0,0.7085319054823815
419.0,-0.07498485075311528
420.0,0.002797499529962222
421.0,-0.34126599506031774
422.0,-0.09503133641684014
423.0,0.24737528308772483
424.0,1.2299472713025992
425.0,0.4055411521470539
426.0,-0.4069691462713166
427.0,2.0687656491514486
428.0,1.438338342968206
429.0,0.23772740077638477
430.0,-0.27338399784495704
431.0,0.2829608050505431
432.0,0.215036610113023
433.0,-0.10099834233735172
434.0,0.002290487639547867
435.0,-0.43826370634298795
436.0,-0.3048926182292103
437.0,0.015286635860401465
438.0,-0.03994286096210531
439.0,-0.21002960431835632
440.0,0.11000669452237521
441.0,-0.48270994223403224
442.0,1.299121872623643
443.0,2.523856488475457
444.0,3.6478688941153097
445.0,3.0599155147621033
446.0,1.010261195830405
447.0,3.069361296291557
448.0,3.912226878436825
449.0,3.495990986567641
450.0,1.6428425158322901
451.0,-0.14745517547807313
452.0,-0.37094422691457946
453.0,-0.5010104057611982
454.0,0.21866582538432822
455.0,0.1689503537019328
456.0,1.149914708798418
457.0,1.3025319580018966
458.0,0.35854022148132303
459.0,0.47323258757427855
460.0,-0.10740794347464205
461.0,-0.3664539462651252
462.0,-0.2997316947163182
463.0,-0.12986271963316304
464.0,0.42571300126532896
465.0,1.0295731504195875
466.0,-0.1149416793954649
467.0,-0.2280250027756412
468.0,-0.487656585184537
469.0,-0.2666128915055387
470.0,0.7977037422961866
471.0,1.9146926272304716
472.0,-0.214234236493889
473.0,-0.2861724358962975
474.0,-0.3199410574706596
475.0,0.7968360103822962
476.0,0.9543335729305478
477.0,0.7536068343206281
478.0,-0.41020510596957666
479.0,-0.2319516454582773
480.0,
481.0,
482.0,
483.0,
484.0,
485.0,
486.0,
487.0,
488.0,
489.0,
490.0,
491.0,
492.0,
493.0,
494.0,
495.0,
496.0,
497.0,
498.0,
499.0,
500.0,
501.0,
502.0,
503.0,
504.0,
505.0,
506.0,
507.0,
508.0,
509.0,
510.0,
511.0,
512.0,
513.0,
514.0,
515.0,
516.0,
517.0,
518.0,
519.0,
520.0,
521.0,
522.0,
523.0,
524.0,
525.0,
526.0,
527.0,
528.0,
529.0,
530.0,
531.0,
532.0,
533.0,
534.0,
535.0,
536.0,
537.0,
538.0,
539.0,
540.0,
541.0,
542.0,
543.0,
544.0,
545.0,
546.0,
547.0,
548.0,
549.0,
550.0,
551.0,
552.0,
553.0,
554.0,
555.0,
556.0,
557.0,
558.0,
559.0,
560.0,
561.0,
562.0,
563.0,
564.0,
565.0,
566.0,
567.0,
568.0,
569.0,
570.0,
571.0,
572.0,
573.0,
574.0,
575.0,
576.0,
577.0,
578.0,
579.0,
580.0,
581.0,
582.0,
583.0,
584.0,
585.0,
586.0,
587.0,
588.0,
589.0,
590.0,
591.0,
592.0,
593.0,
594.0,
595.0,
596.0,
597.0,
598.0,
599.0,
600.0,
601.0,
602.0,
603.0,
604.0,
605.0,
606.0,
607.0,
608.0,
609.0,
610.0,
611.0,
612.0,
613.0,
614.0,
615.0,
616.0,
617.0,
618.0,
619.0,
620.0,
621.0,
622.0,
623.0,
624.0,
625.0,
626.0,
627.0,
628.0,
629.0,
630.0,
631.0,
632.0,
633.0,
634.0,
635.0,
636.0,
637.0,
638.0,
639.0,
640.0,
641.0,
642.0,
643.0,
644.0,
645.0,
646.0,
647.0,
648.0,
649.0,
650.0,
651.0,
652.0,
653.0,
654.0,
655.0,
656.0,
657.0,
658.0,
659.0,
660.0,
661.0,
662.0,
663.0,
664.0,
665.0,
666.0,
667.0,
668.0,
669.0,
670.0,
671.0,
672.0,
673.0,
674.0,
675.0,
676.0,
677.0,
678.0,
679.0,
680.0,
681.0,
682.0,
683.0,
684.0,
685.0,
686.0,
687.0,
688.0,
689.0,
690.0,
691.0,
692.0,
693.0,
694.0,
695.0,
696.0,
697.0,
698.0,
699.0,
700.0,
701.0,
702.0,
703.0,
704.0,
705.0,
706.0,
707.0,
708.0,
709.0,
710.0,
711.0,
712.0,
713.0,
714.0,
715.0,
716.0,
717.0,
718.0,
719.0,
720.0,
721.0,
722.0,
723.0,
724.0,
725.0,
726.0,
727.0,
728.0,
729.0,
730.0,
731.0,
732.0,
733.0,
734.0,
735.0,
736.0,
737.0,
738.0,
739.0,
740.0,
741.0,
742.0,
743.0,
744.0,
745.0,
746.0,
747.0,
748.0,
749.0,
750.0,
751.0,
752.0,
753.0,
754.0,
755.0,
756.0,
757.0,
758.0,
759.0,
760.0,
761.0,
762.0,
763.0,
764.0,
765.0,
766.0,
767.0,
768.0,
769.0,
770.0,
771.0,
772.0,
773.0,
774.0,
775.0,
776.0,
777.0,
778.0,
779.0,
780.0,
781.0,
782.0,
783.0,
784.0,
785.0,
786.0,
787.0,
788.0,
789.0,
790.0,
791.0,
792.0,
793.0,
794.0,
795.0,
796.0,
797.0,
798.0,
799.0,
800.0,
801.0,
802.0,
803.0,
804.0,
805.0,
806.0,
807.0,
808.0,
809.0,
810.0,
811.0,
812.0,
813.0,
814.0,
815.0,
816.0,
817.0,
818.0,
819.0,
820.0,
821.0,
822.0,
823.0,
824.0,
825.0,
826.0,
827.0,
828.0,
829.0,
830.0,
831.0,
832.0,
833.0,
834.0,
835.0,
836.0,
837.0,
838.0,
839.0,
840.0,
841.0,
842.0,
843.0,
844.0,
845.0,
846.0,
847.0,
848.0,
849.0,
850.0,
851.0,
852.0,
853.0,
854.0,
855.0,
856.0,
857.0,
858.0,
859.0,
860.0,
861.0,
862.0,
863.0,
864.0,
865.0,
866.0,
867.0,
868.0,
869.0,
870.0,
871.0,
872.0,
873.0,
874.0,
875.0,
876.0,
877.0,
878.0,
879.0,
880.0,
881.0,
882.0,
883.0,
884.0,
885.0,
886.0,
887.0,
888.0,
889.0,
890.0,
891.0,
892.0,
893.0,
894.0,
895.0,
896.0,
897.0,
898.0,
899.0,
900.0,
901.0,
902.0,
903.0,
904.0,
905.0,
906.0,
907.0,
908.0,
909.0,
910.0,
911.0,
912.0,
913.0,
914.0,
915.0,
916.0,
917.0,
918.0,
919.0,
920.0,
921.0,
922.0,
923.0,
924.0,
925.0,
926.0,
927.0,
928.0,
929.0,
930.0,
931.0,
932.0,
933.0,
934.0,
935.0,
936.0,
937.0,
938.0,
939.0,
940.0,
941.0,
942.0,
943.0,
944.0,
945.0,
946.0,
947.0,
948.0,
949.0,
950.0,
951.0,
952.0,
953.0,
954.0,
955.0,
956.0,
957.0,
958.0,
959.0,
960.0,
961.0,
962.0,
963.0,
964.0,
965.0,
966.0,
967.0,
968.0,
969.0,
970.0,
971.0,
972.0,
973.0,
974.0,
975.0,
976.0,
977.0,
978.0,
979.0,
980.0,
981.0,
982.0,
983.0,
984.0,
985.0,
986.0,
987.0,
988.0,
989.0,
990.0,
991.0,
992.0,
993.0,
994.0,
995.0,
996.0,
997.0,
998.0,
999.0,
1000.0,
1001.0,
1002.0,
1003.0,
1004.0,
1005.0,
1006.0,
1007.0,
1008.0,
1009.0,
1010.0,
1011.0,
1012.0,
1013.0,
1014.0,
1015.0,
1016.0,
1017.0,
1018.0,
1019.0,
1020.0,
1021.0,
1022.0,
1023.0,
1024.0,
1025.0,
1026.0,
1027.0,
1028.0,
1029.0,
1030.0,
1031.0,
1032.0,
1033.0,
1034.0,
1035.0,
1036.0,
1037.0,
1038.0,
1039.0,
1040.0,
1041.0,
1042.0,
1043.0,
1044.0,
1045.0,
1046.0,
1047.0,
1048.0,
1049.0,
1050.0,
1051.0,
1052.0,
1053.0,
1054.0,
1055.0,
1056.0,
1057.0,
1058.0,
1059.0,
1060.0,
1061.0,
1062.0,
1063.0,
1064.0,
1065.0,
1066.0,
1067.0,
1068.0,
1069.0,
1070.0,
1071.0,
1072.0,
1073.0,
1074.0,
1075.0,
1076.0,
1077.0,
1078.0,
1079.0,
1080.0,
1081.0,
1082.0,
1083.0,
1084.0,
1085.0,
1086.0,
1087.0,
1088.0,
1089.0,
1090.0,
1091.0,
1092.0,
1093.0,
1094.0,
1095.0,
1096.0,
1097.0,
1098.0,
1099.0,
1100.0,
1101.0,
1102.0,
1103.0,
1104.0,
1105.0,
1106.0,
1107.0,
1108.0,
1109.0,
1110.0,
1111.0,
1112.0,
1113.0,
1114.0,
1115.0,
1116.0,
1117.0,
1118.0,
1119.0,
1120.0,
1121.0,
1122.0,
1123.0,
1124.0,
1125.0,
1126.0,
1127.0,
1128.0,
1129.0,
1130.0,
1131.0,
1132.0,
1133.0,
1134.0,
1135.0,
1136.0,
1137.0,
1138.0,
1139.0,
1140.0,
1141.0,
1142.0,
1143.0,
1144.0,
1145.0,
1146.0,
1147.0,
1148.0,
1149.0,
1150.0,
1151.0,
1152.0,
1153.0,
1154.0,
1155.0,
1156.0,
1157.0,
1158.0,
1159.0,
1160.0,
1161.0,
1162.0,
1163.0,
1164.0,
1165.0,
1166.0,
1167.0,
1168.0,
1169.0,
1170.0,
1171.0,
1172.0,
1173.0,
1174.0,
1175.0,
1176.0,
1177.0,
1178.0,
1179.0,
1180.0,
1181.0,
1182.0,
1183.0,
1184.0,
1185.0,
1186.0,
1187.0,
1188.0,
1189.0,
1190.0,
1191.0,
1192.0,
1193.0,
1194.0,
1195.0,
1196.0,
1197.0,
1198.0,
1199.0,
1200.0,
1201.0,
1202.0,
1203.0,
1204.0,
1205.0,
1206.0,
1207.0,
1208.0,
1209.0,
1210.0,
1211.0,
1212.0,
1213.0,
1214.0,
1215.0,
1216.0,
1217.0,
1218.0,
1219.0,
1220.0,
1221.0,
1222.0,
1223.0,
1224.0,
1225.0,
1226.0,
1227.0,
1228.0,
1229.0,
1230.0,
1231.0,
1232.0,
1233.0,
1234.0,
1235.0,
1236.0,
1237.0,
1238.0,
1239.0,
1240.0,
1241.0,
1242.0,
1243.0,
1244.0,
1245.0,
1246.0,
1247.0,
1248.0,
1249.0,
1250.0,
1251.0,
1252.0,
1253.0,
1254.0,
1255.0,
1256.0,
1257.0,
1258.0,
1259.0,
1260.0,
1261.0,
1262.0,
1263.0,
1264.0,
1265.0,
1266.0,
1267.0,
1268.0,
1269.0,
1270.0,
1271.0,
1272.0,
1273.0,
1274.0,
1275.0,
1276.0,
1277.0,
1278.0,
1279.0,
1280.0,
1281.0,
1282.0,
1283.0,
1284.0,
1285.0,
1286.0,
1287.0,
1288.0,
1289.0,
1290.0,
1291.0,
1292.0,
1293.0,
1294.0,
1295.0,
1296.0,
1297.0,
1298.0,
1299.0,
1300.0,
1301.0,
1302.0,
1303.0,
1304.0,
1305.0,
1306.0,
1307.0,
1308.0,
1309.0,
1310.0,
1311.0,
1312.0,
1313.0,
1314.0,
1315.0,
1316.0,
1317.0,
1318.0,
1319.0,
1320.0,
1321.0,
1322.0,
1323.0,
1324.0,
1325.0,
1326.0,
1327.0,
1328.0,
1329.0,
1330.0,
1331.0,
1332.0,
1333.0,
1334.0,
1335.0,
1336.0,
1337.0,
1338.0,
1339.0,
1340.0,
1341.0,
1342.0,
1343.0,
1344.0,
1345.0,
1346.0,
1347.0,
1348.0,
1349.0,
1350.0,
1351.0,
1352.0,
1353.0,
1354.0,
1355.0,
1356.0,
1357.0,
1358.0,
1359.0,
1360.0,
1361.0,
1362.0,
1363.0,
1364.0,
1365.0,
1366.0,
1367.0,
1368.0,
1369.0,
1370.0,
1371.0,
1372.0,
1373.0,
1374.0,
1375.0,
1376.0,
1377.0,
1378.0,
1379.0,
1380.0,
1381.0,
1382.0,
1383.0,
1384.0,
1385.0,
1386.0,
1387.0,
1388.0,
1389.0,
1390.0,
1391.0,
1392.0,
1393.0,
1394.0,
1395.0,
1396.0,
1397.0,
1398.0,
1399.0,
1400.0,
1401.0,
1402.0,
1403.0,
1404.0,
1405.0,
1406.0,
1407.0,
1408.0,
1409.0,
1410.0,
1411.0,
1412.0,
1413.0,
1414.0,
1415.0,
1416.0,
1417.0,
1418.0,
1419.0,
1420.0,
1421.0,
1422.0,
1423.0,
1424.0,
1425.0,
1426.0,
1427.0,
1428.0,
1429.0,
1430.0,
1431.0,
1432.0,
1433.0,
1434.0,
1435.0,
1436.0,
1437.0,
1438.0,
1439.0,
1440.0,
1441.0,
1442.0,
1443.0,
1444.0,
1445.0,
1446.0,
1447.0,
1448.0,
1449.0,
1450.0,
1451.0,
1452.0,
1453.0,
1454.0,
1455.0,
1456.0,
1457.0,
1458.0,
1459.0,
1460.0,
1461.0,
1462.0,
1463.0,
1464.0,
1465.0,
1466.0,
1467.0,
1468.0,
1469.0,
1470.0,
1471.0,
1472.0,
1473.0,
1474.0,
1475.0,
1476.0,
1477.0,
1478.0,
1479.0,
1480.0,
1481.0,
1482.0,
1483.0,
1484.0,
1485.0,
1486.0,
1487.0,
1488.0,
1489.0,
1490.0,
1491.0,
1492.0,
1493.0,
1494.0,
1495.0,
1496.0,
1497.0,
1498.0,
1499.0,
