Time,residuals
0.0,0.1751553987608301
1.0,-0.004087483571251549
2.0,-0.02928300789589908
3.0,-0.048000439068110634
4.0,-0.020221656720402978
5.0,-0.04522695540010974
6.0,0.08879155549105375
7.0,-0.009126178829032307
8.0,-0.04903695288424947
9.0,0.14965919391476212
10.0,-0.02491788498189236
11.0,-0.0473322396645348
12.0,0.044276988528156036
13.0,-0.04303614674811822
14.0,0.18292857662269046
15.0,-0.009411956315855112
16.0,-0.04540725032061449
17.0,-0.004306517077085979
18.0,0.6736377771121199
19.0,0.08035465794727403
20.0,-0.023337151530296658
21.0,-0.04688292218782627
22.0,0.03788332424282453
23.0,-0.04634266623451203
24.0,0.04446072227197273
25.0,-0.046679656665387724
26.0,0.007178916978560317
27.0,-0.0360261495314458
28.0,-0.04798539044798723
29.0,0.047782455698790804
30.0,-0.017357726337259773
31.0,-0.045660821795065275
32.0,0.15829726295318983
33.0,-0.016536031542881982
34.0,0.41254447843663045
35.0,0.008239968539318535
36.0,-0.04237639287645446
37.0,0.23497137148336844
38.0,-0.02825102427029186
39.0,-0.048181548982990215
40.0,0.01063200534334538
41.0,-0.0324427688697707
42.0,-0.038936643018605985
43.0,-0.04504120985362774
44.0,0.24414685809658318
45.0,-0.0012822901069074466
46.0,-0.04793411532211234
47.0,0.0653975834468373
48.0,-0.03855443136530072
49.0,0.2422624154037851
50.0,0.014533461231894675
51.0,-0.03659418369099757
52.0,0.6265104214159022
53.0,0.05106846688961386
54.0,-0.03899818803252231
55.0,-0.04240903326517507
56.0,0.0684414365777804
57.0,-0.020293956345426304
58.0,-0.03505764317949351
59.0,-0.039293618227279545
60.0,0.31041233076817243
61.0,0.009195862661379256
62.0,-0.030537969601997457
63.0,0.10570936884832488
64.0,-0.014492218129758275
65.0,-0.04273817910849693
66.0,-0.04705423319657512
67.0,0.11155645735893041
68.0,-0.018771009161371664
69.0,-0.044486426240455436
70.0,0.19235050882459478
71.0,-0.014876742543871703
72.0,-0.04134279598334026
73.0,-0.04622638578529548
74.0,0.2042577164490114
75.0,-0.008476142805864763
76.0,-0.046524273745825726
77.0,0.11670018353658687
78.0,-0.007583127451441747
79.0,-0.04415927633759358
80.0,-0.04364751438324667
81.0,0.4062851094627325
82.0,0.054765294547855545
83.0,-0.02014863203359878
84.0,-0.037873070708947465
85.0,-0.04246966264202099
86.0,0.11950367879326966
87.0,-0.01965606516042698
88.0,-0.03269175987796821
89.0,-0.0388004698643912
90.0,0.3753430915553553
91.0,0.03261050511560499
92.0,-0.034541892757155135
93.0,0.17011445748211002
94.0,-0.02647787342273857
95.0,0.3918080942473203
96.0,0.07290005911074626
97.0,-0.02721523083913891
98.0,-0.04428086764920827
99.0,0.11563542412722637
100.0,-0.02094634776184127
101.0,-0.03743639615700249
102.0,-0.0009348495355164105
103.0,-0.028141970449386586
104.0,-0.04006367710016781
105.0,0.2271113730946401
106.0,-0.0023920178366352227
107.0,-0.04156752483056986
108.0,0.21325134792912231
109.0,0.01851863762038153
110.0,-0.03669243855043862
111.0,0.2785850780780214
112.0,0.020412361316830475
113.0,-0.04471686390528365
114.0,0.482007018440863
115.0,0.053422507490591555
116.0,-0.02161735065431582
117.0,-0.04099887203771663
118.0,0.4440784184803985
119.0,0.042256165956929964
120.0,-0.03319097835451322
121.0,-0.04685062228105005
122.0,0.05767292069300635
123.0,-0.029563071299580804
124.0,-0.03361789522374131
125.0,0.6956587124923213
126.0,0.1516291955148377
127.0,-0.013899233646904867
128.0,-0.041594326574226535
129.0,0.3653594346861213
130.0,0.03456390745942714
131.0,-0.03282939625116002
132.0,0.12516073271717026
133.0,0.024537319579002993
134.0,-0.029568616944339203
135.0,-0.0004241741693703227
136.0,-0.04328780121204842
137.0,-0.04550286409481142
138.0,-0.042884967824285525
139.0,0.18956749368582448
140.0,-0.0168929644226195
141.0,-0.04378508974162756
142.0,-0.03246204848871069
143.0,-0.04546058930163841
144.0,-0.04510498361256582
145.0,-0.0451005628392319
146.0,0.44598941362145655
147.0,0.09368257372611447
148.0,-0.025406848550314484
149.0,-0.03571357234189657
150.0,0.07957152607397652
151.0,-0.033117882892700234
152.0,-0.04596625164827542
153.0,0.005594117668560689
154.0,0.2218682234293251
155.0,-0.00308265004541005
156.0,-0.040024533267172056
157.0,0.46331439195248714
158.0,0.08433892944475435
159.0,-0.03163906225070857
160.0,-0.046513555598002125
161.0,0.281878586381341
162.0,0.06924255216958411
163.0,-0.013265480040001047
164.0,-0.03638915601796059
165.0,0.3491624049377715
166.0,0.07287335669692593
167.0,-0.044762245570138186
168.0,-0.04673089828264693
169.0,-0.017678583173928397
170.0,-0.04278832935549311
171.0,0.27716748103047234
172.0,0.03738148318955142
173.0,-0.03925618087533101
174.0,-0.04324826499498548
175.0,0.11614417962808793
176.0,-0.030148351395044775
177.0,-0.04588637844660398
178.0,0.2225015281931311
179.0,0.03696014267407217
180.0,-0.0362098438789925
181.0,-0.04686463820655861
182.0,0.0722220566570631
183.0,-0.031912815753508975
184.0,-0.032232338252273375
185.0,-0.0424317842421619
186.0,0.3824231987395005
187.0,0.022787472244541647
188.0,-0.029936162619492956
189.0,0.034021193957605916
190.0,-0.03254169147081951
191.0,-0.04545057774947305
192.0,-0.046938674545223096
193.0,0.14226931926783493
194.0,0.024834775805360358
195.0,-0.03897728704695952
196.0,-0.046000242935970714
197.0,0.20362021761376903
198.0,-0.009150210151617516
199.0,-0.043761267032469485
200.0,0.04685413938553076
201.0,-0.03647114303726156
202.0,-0.04861214068465655
203.0,0.03989645165688166
204.0,-0.028734935331744097
205.0,-0.03941254808968427
206.0,-0.043589471318510244
207.0,0.13505749135021303
208.0,-0.023241273629114982
209.0,-0.0423911014567464
210.0,0.14007111222643312
211.0,-0.0010511052702867063
212.0,-0.030290975641994646
213.0,-0.04069569347662899
214.0,0.6643785761280993
215.0,0.10282781483190678
216.0,-0.016415712892027097
217.0,-0.03576842371521558
218.0,0.4454576687145197
219.0,0.11571108436747884
220.0,-0.023459345055202932
221.0,-0.04800175824241469
222.0,-0.049768654292874005
223.0,0.13491753570999968
224.0,0.014211805759428854
225.0,-0.04441327726349245
226.0,0.21705983089922015
227.0,0.024060871435863815
228.0,-0.03532731283783239
229.0,-0.03863302704066823
230.0,0.3922324846869845
231.0,0.07358805163163423
232.0,-0.027977175157967715
233.0,0.023352218083370783
234.0,-0.031173069375938327
235.0,-0.04783207578288091
236.0,-0.04418071129056953
237.0,-0.047389261584428716
238.0,0.2828455598928362
239.0,0.07712337058513134
240.0,0.0027610146767659133
241.0,-0.040575132113134835
242.0,0.14483726675133055
243.0,-0.011515955635861538
244.0,-0.03852249325053936
245.0,-0.04331176436443323
246.0,0.24884081695569168
247.0,0.03402680317293778
248.0,-0.022612921371489115
249.0,-0.034350585902326966
250.0,0.08708288003706194
251.0,-0.018132673235516483
252.0,-0.049066029663236276
253.0,0.0708430992019445
254.0,-0.01512076857366202
255.0,0.14284470583500775
256.0,0.017883167154842186
257.0,-0.03665410692638238
258.0,0.22679976112086675
259.0,0.0423606581051542
260.0,-0.025003676625894786
261.0,-0.011831491671170855
262.0,-0.04014217358841273
263.0,0.027541445925389346
264.0,-0.03206692221023384
265.0,-0.04293051266685024
266.0,0.020797788904709763
267.0,-0.04116756137360521
268.0,0.026616819554976752
269.0,-0.025655340016958315
270.0,-0.047144612230244305
271.0,0.05939934214154251
272.0,-0.022778778673457442
273.0,-0.04120223942093659
274.0,-0.0444729928814772
275.0,-0.04296145939347462
276.0,0.4416531130121103
277.0,0.08204138019560035
278.0,-0.0007707141314336682
279.0,-0.046039384857922284
280.0,0.03225811219181926
281.0,-0.039233932290159326
282.0,-0.047055069191152085
283.0,0.19457982432211196
284.0,0.02988400521844683
285.0,-0.03951123085603709
286.0,0.16031620572864186
287.0,0.042740130850545434
288.0,-0.0447574340500291
289.0,-0.045728077407519996
290.0,0.10957631056685455
291.0,-0.014448985195140658
292.0,-0.039348828044416154
293.0,0.08885587927959648
294.0,-0.0035884463796345273
295.0,-0.03593852767216408
296.0,-0.04639140349199198
297.0,0.012151166934672476
298.0,-0.03534307640309145
299.0,-0.015520530951898572
300.0,-0.027192703459969634
301.0,-0.03175156069136077
302.0,0.18634863563495468
303.0,0.020996131107124894
304.0,-0.03926511032554603
305.0,0.10992251159640568
306.0,-0.028302904518228696
307.0,-0.037303217256259055
308.0,0.11108692350605354
309.0,0.0011752558231109336
310.0,-0.032155203126891914
311.0,-0.0364078897862294
312.0,-0.030731927910807543
313.0,-0.024261942289692435
314.0,-0.03066806383153278
315.0,-0.04299425824629709
316.0,0.1049700695975824
317.0,0.01572167472643473
318.0,-0.03303672997858455
319.0,-0.03818258708521889
320.0,-0.046953631716342675
321.0,0.026421323552005847
322.0,-0.03861651863848281
323.0,-0.04004251408891884
324.0,0.4023955720893814
325.0,0.07111522828172456
326.0,-0.016395284988908083
327.0,-0.04561821398983945
328.0,0.036041742207784874
329.0,-0.01367242607659934
330.0,-0.04192867329587931
331.0,0.3485701481661487
332.0,0.05787390561632911
333.0,0.011477508362085907
334.0,0.0034980679134057335
335.0,-0.043191395754609826
336.0,-0.03381933858633639
337.0,-0.03308608190453048
338.0,-0.047161258686892485
339.0,0.3717489930193638
340.0,0.09899776746433453
341.0,-0.003892783066048802
342.0,-0.021965573645765055
343.0,-0.0378430192024015
344.0,-0.019799118718849547
345.0,-0.034371883526723955
346.0,-0.04220416497535995
347.0,-0.03701554564997917
348.0,-0.03571725748730524
349.0,-0.04659710431126819
350.0,-0.03480787152476764
351.0,0.2768668839575293
352.0,0.035525453680513595
353.0,-0.04706793881101118
354.0,0.1398816189017155
355.0,0.03038604069363053
356.0,-0.040381671357193664
357.0,-0.04941443563210203
358.0,0.12398083629089704
359.0,0.05558404648914102
360.0,-0.04618222973542259
361.0,0.5238594635739141
362.0,0.1144716417929913
363.0,-0.015048085365337936
364.0,-0.02713973211625401
365.0,-0.0368354278977447
366.0,0.4728789962451289
367.0,0.0992314283178389
368.0,0.016256355207965575
369.0,-0.041027339832829655
370.0,0.015000548668203766
371.0,-0.019893234167103695
372.0,-0.029455397859243584
373.0,-0.050883214574862695
374.0,-0.023078857499397237
375.0,-0.05037830996902735
376.0,0.22928003547613837
377.0,0.047620924532390994
378.0,-0.01746469083848809
379.0,-0.051815784178355105
380.0,0.15098234511271283
381.0,0.0293261815299189
382.0,-0.0401992750343146
383.0,0.3220395767278058
384.0,0.05299925231139457
385.0,-0.018707025989628638
386.0,-0.04697482092408674
387.0,0.20806677404950932
388.0,0.04866760570628634
389.0,-0.017324385378092055
390.0,-0.03984929609107493
391.0,0.11327978205696393
392.0,0.04040534867607259
393.0,-0.0021516112694041772
394.0,-0.03579005894412393
395.0,-0.048795812980790707
396.0,0.326836650729971
397.0,0.10168683903600752
398.0,0.028066352412490045
399.0,0.01634455823610572
400.0,-0.05124850925513956
401.0,0.10545826294795285
402.0,-0.041384509412818515
403.0,-0.04580366179024272
404.0,-0.05061278339452432
405.0,0.07070250862243957
406.0,-0.0045929480711020265
407.0,-0.0317743563191034
408.0,-0.04884848596549061
409.0,-0.054652540216461286
410.0,0.15033293367234468
411.0,0.001210375807677147
412.0,-0.030937370317763998
413.0,-0.05147162336921551
414.0,0.22772181159855356
415.0,0.04760097486674849
416.0,0.021367222128103283
417.0,-0.03815873054602554
418.0,-0.04368677139338503
419.0,0.38729421539555586
420.0,0.14034177055330677
421.0,-0.0011111592229450448
422.0,-0.03472589581835895
423.0,-0.05277892632509
424.0,0.35904524143812094
425.0,0.09700643515663845
426.0,-0.002432560394777926
427.0,-0.04946155090530076
428.0,0.5048663962623213
429.0,0.1855510661870849
430.0,0.028914376106376878
431.0,-0.04551663521573591
432.0,-0.05807067191608712
433.0,0.1109575054511457
434.0,-0.02094100969049372
435.0,-0.03329154239917839
436.0,-0.05010070838425203
437.0,-0.05106146802913765
438.0,0.00842335441624193
439.0,0.0019590396786349287
440.0,-0.0569100899288091
441.0,-0.05550290949624689
442.0,-0.046044603915870924
443.0,-0.05299041612876523
444.0,0.05255064999736685
445.0,-0.0002701333391338448
446.0,-0.05297975935473718
447.0,-0.054452972439244185
448.0,-0.058072685335589284
449.0,0.3503472226537796
450.0,0.0649009865332843
451.0,-0.029126345828290136
452.0,-0.05343191728119941
453.0,0.6187329086360538
454.0,0.18108649649893305
455.0,0.025665205981312993
456.0,-0.013657678044102471
457.0,-0.02775758058048286
458.0,-0.05460174976467365
459.0,0.043714435037494094
460.0,-0.04954658529310732
461.0,0.2101975941082122
462.0,0.03637160709963918
463.0,-0.008000860539427883
464.0,-0.02984767971654754
465.0,-0.0579581299685544
466.0,0.14365739266465508
467.0,0.027963566921579634
468.0,0.0010089110795348452
469.0,-0.05990023911947817
470.0,0.005057078460531085
471.0,-0.05875999302173839
472.0,0.01107903505518016
473.0,-0.010940049805588895
474.0,-0.059884418648660356
475.0,0.23529667320569286
476.0,0.03781551007806582
477.0,-0.01608214413739921
478.0,0.0773584331127194
479.0,-0.014140297958818951
480.0,-0.048800454963886436
481.0,-0.05985294849037149
482.0,0.5366647801773239
483.0,0.16117131524168954
484.0,0.016949728944542164
485.0,-0.04634592473030997
486.0,0.5066056485493016
487.0,0.20513071364366464
488.0,0.01247992855514437
489.0,-0.054479288959721234
490.0,0.03652883970415687
491.0,-0.024613462430619064
492.0,-0.024102503949835978
493.0,0.7032707421655121
494.0,0.21800054769137844
495.0,0.06761961346604865
496.0,-0.042546781531112195
497.0,-0.049148760425836525
498.0,-0.05807787211042061
499.0,0.5043811153490685
500.0,0.20397658032773464
501.0,0.09767140117987747
502.0,0.00582876005386275
503.0,-0.053200264653564
504.0,0.18194916931415778
505.0,0.08530592058969075
506.0,0.01806524750867132
507.0,-0.0360752883793444
508.0,-0.03753354105098501
509.0,-0.03657552293995183
510.0,-0.04730572616126133
511.0,0.49055977834644443
512.0,0.18609979188780826
513.0,0.035238754506203535
514.0,-0.01926568021477216
515.0,-0.06080829193185877
516.0,-0.06343372228509449
517.0,0.21842691785374657
518.0,0.05169613332715399
519.0,-0.025328850126799113
520.0,-0.052017584659834054
521.0,-0.0480098971126924
522.0,-0.06288946199022148
523.0,-0.05839517241196372
524.0,0.0077423304135179755
525.0,-0.06558737046311923
526.0,0.4033672056154842
527.0,0.13291301932054045
528.0,0.015305292583464233
529.0,-0.024864673190458056
530.0,-0.04549757259245471
531.0,-0.0526366422950153
532.0,0.6280231076428113
533.0,0.24469535549578622
534.0,0.11580489489868441
535.0,-0.008143902768967794
536.0,-0.06221720155704801
537.0,-0.05405485200182536
538.0,-0.038846662184734926
539.0,0.753653830409776
540.0,0.43087520198287255
541.0,0.19060326037650838
542.0,0.058139073748356584
543.0,-0.048025890807057145
544.0,-0.06347897605988738
545.0,-0.05881413254730929
546.0,-0.06401174900265105
547.0,-0.06621816230691338
548.0,0.018098266194003107
549.0,0.020132228178876888
550.0,-0.04005661126775335
551.0,0.1754299610021749
552.0,0.04637134171746382
553.0,-0.02121491466198143
554.0,-0.04804399514220217
555.0,-0.05323580406318766
556.0,0.05292960890024398
557.0,-0.035948075477745076
558.0,-0.053727158753051785
559.0,-0.06286941249799781
560.0,-0.0679631563020245
561.0,0.3086372372048346
562.0,0.046935005951542014
563.0,0.010222111370610049
564.0,-0.03980117284707553
565.0,-0.05960494098001325
566.0,0.5428494732950494
567.0,0.2320808397132692
568.0,0.1049809033743548
569.0,-0.014323926189877781
570.0,-0.05508334326567949
571.0,-0.06850608418548206
572.0,0.09775329325611136
573.0,-0.0072988100642786685
574.0,-0.0010868684296413134
575.0,-0.02174720989652381
576.0,-0.04608799049595526
577.0,-0.06582001847184242
578.0,0.46897623575924163
579.0,0.18549818073364668
580.0,0.11325528100957674
581.0,-0.005934739764085137
582.0,-0.04966793764151044
583.0,0.6222748955551355
584.0,0.2018993666238718
585.0,0.025457622563058765
586.0,-0.006306248644038073
587.0,-0.004323909164154552
588.0,-0.06864821634335028
589.0,0.3482564863421077
590.0,0.1880144282064709
591.0,0.026760805008777755
592.0,-0.04382064164351671
593.0,0.3227286655291857
594.0,0.13608119090540893
595.0,0.09453128782328195
596.0,-0.031699311263901964
597.0,-0.06489023132168725
598.0,0.241611314717666
599.0,0.11170561968859678
600.0,0.10634589148639634
601.0,-0.022398802699493396
602.0,-0.0405101325506566
603.0,-0.06827807808072535
604.0,0.4687879754097028
605.0,0.22768036360494398
606.0,0.09102535757362122
607.0,0.01906233993718219
608.0,-0.029181815512693998
609.0,-0.06683491977157552
610.0,-0.057928016833448004
611.0,-0.06223414501165097
612.0,0.7323797161534058
613.0,0.3834886195357895
614.0,0.22828293092342505
615.0,0.032502905341791996
616.0,-0.06928807645615422
617.0,0.741308317029433
618.0,0.31705576639525807
619.0,0.07442288430931253
620.0,-0.016343152793327036
621.0,-0.05326504746048072
622.0,0.3861992434185217
623.0,0.2304727618831589
624.0,0.0740036762180715
625.0,-0.016658361612893302
626.0,-0.06799937930729245
627.0,-0.03610760342843436
628.0,-0.052338815400328455
629.0,-0.0704102189496766
630.0,0.030423565518204285
631.0,-0.03222128881830652
632.0,-0.03191653164559012
633.0,-0.06126959017437107
634.0,0.5994236629296038
635.0,0.34898524810894604
636.0,0.20566862444992579
637.0,0.11280199563624008
638.0,0.006493168127890109
639.0,-0.047285624903407764
640.0,-0.04526901920895467
641.0,-0.04323022786059992
642.0,-0.06902883754075952
643.0,0.04735630954252806
644.0,-0.038759842539108386
645.0,-0.06325044447648893
646.0,-0.06949584388029602
647.0,0.4536121568391127
648.0,0.2323642964598997
649.0,0.1275252366788031
650.0,0.00385227727159225
651.0,-0.03127961959708242
652.0,-0.054391741091838065
653.0,-0.05905497269415302
654.0,-0.06987140237411357
655.0,0.04794175083257046
656.0,-0.022869217324795556
657.0,-0.06750613797718187
658.0,0.1106856893326113
659.0,0.03543525262161655
660.0,-0.020831573429748444
661.0,-0.06326039334636663
662.0,0.11859232689703819
663.0,0.035485959795916
664.0,-0.03784418626075767
665.0,-0.05321842853732256
666.0,-0.06511439372420583
667.0,0.6032089151832649
668.0,0.16791752755291023
669.0,0.045919611908642105
670.0,0.014541653140116309
671.0,-0.0007225437916674321
672.0,-0.027664912301071473
673.0,-0.04072129929282284
674.0,-0.0670442008180862
675.0,0.028027746825263863
676.0,-0.051392525945755815
677.0,-0.06612970396665449
678.0,0.9171187402697567
679.0,0.5534349520593685
680.0,0.22812773350391707
681.0,0.048679439326025684
682.0,0.04411763077232368
683.0,-0.028929191678413436
684.0,-0.03736881607242925
685.0,-0.028038237016429143
686.0,-0.06191169122142273
687.0,-0.047891630903422244
688.0,-0.05527580928519926
689.0,0.6430036448154354
690.0,0.34760007574392293
691.0,0.19233355270104305
692.0,-0.0018786218268244115
693.0,-0.009551667943201156
694.0,-0.060698265604535576
695.0,-0.06850359230699432
696.0,-0.07492323083952615
697.0,0.21726107815068482
698.0,0.11588123291995985
699.0,0.08081132837087997
700.0,0.026348653551947127
701.0,-0.013384044443818854
702.0,-0.04499266348814463
703.0,-0.05832975106999964
704.0,-0.05445505826907153
705.0,-0.07019493626461717
706.0,-0.07704257206395256
707.0,0.4337220170540377
708.0,0.14490792847839176
709.0,0.0028984600963058438
710.0,-0.006246591570768567
711.0,-0.03964810134266062
712.0,-0.07578771978887142
713.0,0.5848460900194392
714.0,0.32964643057185095
715.0,0.1152989539680848
716.0,0.00046950054001225483
717.0,-0.03096249702513703
718.0,-0.066305453174704
719.0,0.7473919750495366
720.0,0.5095242380926258
721.0,0.2104307091308279
722.0,0.07635328423691026
723.0,0.07306309150033967
724.0,0.0939878165816155
725.0,0.008398297777930455
726.0,-0.048687639810859835
727.0,-0.07108505039779656
728.0,-0.08088173969060833
729.0,0.32594018840639616
730.0,0.13896570543855274
731.0,0.045929763336690355
732.0,0.07257440276745389
733.0,0.011465692273146907
734.0,-0.05528581819802006
735.0,-0.06222575906054037
736.0,0.4357191732559
737.0,0.2764390989171779
738.0,0.1760284253760473
739.0,0.11657800799846191
740.0,0.024617178227809705
741.0,0.023516610018212786
742.0,-0.022494047253366997
743.0,-0.03544811558643466
744.0,-0.04612506075892528
745.0,-0.050815965001624344
746.0,-0.06376478094633899
747.0,-0.08130246223179699
748.0,0.3821548679219574
749.0,0.09243463691929432
750.0,0.06148444060237654
751.0,0.008289149034243534
752.0,-0.011736880787090107
753.0,-0.018418203472689382
754.0,-0.07055610006172582
755.0,0.1557187195892133
756.0,0.015148785219096086
757.0,-0.024631310305187268
758.0,-0.04084740526585257
759.0,-0.07096456198157117
760.0,0.22557586718380251
761.0,0.034377053575639194
762.0,-0.044325973199339876
763.0,-0.0713372442344911
764.0,-0.08074364622821063
765.0,0.16130397684755876
766.0,0.2189654614846332
767.0,0.08122355332730746
768.0,0.03752227292835425
769.0,-0.02878984662753803
770.0,-0.042012135776297165
771.0,-0.08571163588950673
772.0,0.1249431796685038
773.0,0.028751650292145048
774.0,-0.02455734130510652
775.0,-0.03798096651660403
776.0,-0.05713192530140339
777.0,-0.07688193227807738
778.0,-0.056003474157518315
779.0,-0.0837039208927428
780.0,-0.07698030037157022
781.0,-0.0902346897704942
782.0,0.4969454288246432
783.0,0.3158228629922646
784.0,0.17026078300091352
785.0,0.012904304981868994
786.0,-0.05082197872604151
787.0,-0.0682680459725524
788.0,-0.08858007609288877
789.0,0.47437187866758507
790.0,0.4030917324109879
791.0,0.2031305884999538
792.0,0.16308842745978225
793.0,0.07928741137991156
794.0,0.010932550091270324
795.0,-0.04992251572388265
796.0,-0.06620176004590088
797.0,0.572919258927432
798.0,0.3307009288520553
799.0,0.2333781585421325
800.0,0.04064510203807241
801.0,0.014177844313307222
802.0,-0.03964764446234697
803.0,-0.06528480139153209
804.0,-0.08793598008588882
805.0,0.14124446843394223
806.0,0.09557982469426977
807.0,0.06831350413073474
808.0,-0.02771278316822183
809.0,-0.01846894110096428
810.0,-0.06722323318578381
811.0,-0.055954837713894964
812.0,-0.05280462370886003
813.0,-0.08429955868758056
814.0,0.6831961051193769
815.0,0.46178117611757247
816.0,0.26132766784371025
817.0,0.05175749617143896
818.0,-0.01493971333629851
819.0,0.007421795879716156
820.0,0.008448639364823443
821.0,-0.022305016669112027
822.0,-0.08685737713972863
823.0,-0.0911487045735665
824.0,0.45542118369636364
825.0,0.18743453107836167
826.0,0.10880080291599133
827.0,0.11398266446828478
828.0,0.1052714628891379
829.0,0.09467722788497057
830.0,0.05695640904231142
831.0,-0.04457451555566129
832.0,-0.07978638105314836
833.0,-0.09152177947608314
834.0,-0.0908247023068755
835.0,0.7675612593933405
836.0,0.4801803640931359
837.0,0.3179869206501651
838.0,0.16824395989420413
839.0,0.19375554028568776
840.0,0.033255411005103985
841.0,0.012398078197520007
842.0,-0.07174148999494931
843.0,-0.07901749095964936
844.0,-0.07487602127048917
845.0,-0.06894938281379712
846.0,-0.0876146657531604
847.0,-0.08999833872587161
848.0,-0.09001699264534427
849.0,0.5869154659779772
850.0,0.4323557976210851
851.0,0.1769367958532259
852.0,0.18824569766662608
853.0,0.0631101403865434
854.0,-0.0010623123181722066
855.0,0.006950904854418294
856.0,0.012036042958051274
857.0,-0.025327605186657443
858.0,-0.02471319840530116
859.0,-0.06847891983910125
860.0,-0.09339449413492924
861.0,0.39272583723714544
862.0,0.22432718655482403
863.0,0.10694250191678033
864.0,0.08202626576884578
865.0,0.13270412626242356
866.0,0.003676165804798029
867.0,-0.05393668307070798
868.0,-0.08254838925541427
869.0,-0.07865964996800226
870.0,-0.0878170443783985
871.0,0.32668047397236644
872.0,0.28624694668264106
873.0,0.18679292418357968
874.0,0.03727327804981109
875.0,0.03619465323213911
876.0,0.0073892196378238795
877.0,5.026872140341532e-05
878.0,0.01012401171684077
879.0,0.07353020125777934
880.0,0.02508746227704449
881.0,-0.052367436848033626
882.0,-0.10225608209059298
883.0,-0.028865487159668496
884.0,-0.06632456792216496
885.0,-0.072757662941688
886.0,-0.05157578261976626
887.0,-0.05377207256007732
888.0,-0.029671456170679955
889.0,-0.04064245945090511
890.0,-0.08425650657431454
891.0,-0.0892369948391599
892.0,-0.080335258148505
893.0,-0.08752289670438738
894.0,-0.11062265319567208
895.0,-0.08072038039902835
896.0,-0.054527509503929594
897.0,-0.10565898531041024
898.0,0.7345779971116282
899.0,0.4373552488416379
900.0,0.3490507101899169
901.0,0.26302538795148767
902.0,0.21073283136070714
903.0,0.2817786042763047
904.0,0.2535156429638601
905.0,0.13468581801500884
906.0,0.08076838323488947
907.0,0.11431132653708342
908.0,0.08681262579024866
909.0,0.05798072161056321
910.0,-0.002331516965566327
911.0,-0.03912531779849035
912.0,-0.024503722985108403
913.0,-0.08564394514415412
914.0,-0.1049202364430437
915.0,-0.08470839159360316
916.0,-0.07440455724591996
917.0,-0.09194012599468648
918.0,-0.08402525650581988
919.0,0.7226105600209876
920.0,0.8446254863520395
921.0,0.7504705820727375
922.0,0.7628229177004513
923.0,0.6436196423012825
924.0,0.6472227551990495
925.0,0.6751923612811618
926.0,0.7783460937974066
927.0,0.5745571704275507
928.0,0.46814587506604377
929.0,0.4531361402174467
930.0,0.4601341432774808
931.0,0.2318835053852707
932.0,0.09669001851744573
933.0,0.04200488921392148
934.0,0.035534619781524224
935.0,0.045143179803052685
936.0,0.04288495807916669
937.0,0.036465043714037054
938.0,-0.03610268716723311
939.0,-0.09113399522243887
940.0,-0.10185466854618812
941.0,0.5890629046321377
942.0,0.5431427974620177
943.0,0.44618037607344385
944.0,0.5762932356949745
945.0,0.6233925152250255
946.0,0.5807922876949482
947.0,0.43335872765043076
948.0,0.3941062810081356
949.0,0.28954349190310524
950.0,0.17649081067427336
951.0,0.12892728247019603
952.0,0.06084174735996896
953.0,0.15197150693374523
954.0,0.21708707809780814
955.0,0.22389452360656065
956.0,0.23531635510366147
957.0,0.22901860711206037
958.0,0.23367353074948455
959.0,0.19747401847737572
960.0,0.19293069456399536
961.0,0.10905184339469462
962.0,0.08899594011834384
963.0,0.03171383692477314
964.0,0.03899711102145463
965.0,0.15064707042742015
966.0,0.04814493383633556
967.0,0.06587135032430325
968.0,0.08252802106754192
969.0,0.14284919916690536
970.0,0.14440877350444437
971.0,0.12959253918738267
972.0,0.0656739017842943
973.0,0.02345517867921286
974.0,-0.010042282571061809
975.0,-0.03380840443594364
976.0,-0.03670769618084338
977.0,-0.07816803007257833
978.0,-0.08033915966185363
979.0,0.008409328842517258
980.0,0.07236120714026974
981.0,0.06700645549130703
982.0,0.08418513051845943
983.0,-0.044560488436569685
984.0,-0.06847214399092345
985.0,-0.09055376820847533
986.0,-0.09106489928515446
987.0,-0.08594602343215053
988.0,0.09023807719178746
989.0,-0.04209606729690804
990.0,-0.052182624554933235
991.0,-0.06966578986494862
992.0,-0.03410953547695411
993.0,-0.03442148326241369
994.0,-0.008869488476513643
995.0,-0.008360662514942677
996.0,-0.04700137062311762
997.0,-0.08661532347732236
998.0,-0.07190387485082309
999.0,-0.0940648407624753
1000.0,-0.08469038711999649
1001.0,-0.09306238106888398
1002.0,-0.07906251215956771
1003.0,-0.08414816428107315
1004.0,-0.0782586188730488
1005.0,-0.06273643356896061
1006.0,-0.03249453659406732
1007.0,-0.08056917422635772
1008.0,-0.08176293834203052
1009.0,
1010.0,
1011.0,
1012.0,
1013.0,
1014.0,
1015.0,
1016.0,
1017.0,
1018.0,
1019.0,
1020.0,
1021.0,
1022.0,
1023.0,
1024.0,
1025.0,
1026.0,
1027.0,
1028.0,
1029.0,
1030.0,
1031.0,
1032.0,
1033.0,
1034.0,
1035.0,
1036.0,
1037.0,
1038.0,
1039.0,
1040.0,
1041.0,
1042.0,
1043.0,
1044.0,
1045.0,
1046.0,
1047.0,
1048.0,
1049.0,
1050.0,
1051.0,
1052.0,
1053.0,
1054.0,
1055.0,
1056.0,
1057.0,
1058.0,
1059.0,
1060.0,
1061.0,
1062.0,
1063.0,
1064.0,
1065.0,
1066.0,
1067.0,
1068.0,
1069.0,
1070.0,
1071.0,
1072.0,
1073.0,
1074.0,
1075.0,
1076.0,
1077.0,
1078.0,
1079.0,
1080.0,
1081.0,
1082.0,
1083.0,
1084.0,
1085.0,
1086.0,
1087.0,
1088.0,
1089.0,
1090.0,
1091.0,
1092.0,
1093.0,
1094.0,
1095.0,
1096.0,
1097.0,
1098.0,
1099.0,
1100.0,
1101.0,
1102.0,
1103.0,
1104.0,
1105.0,
1106.0,
1107.0,
1108.0,
1109.0,
1110.0,
1111.0,
1112.0,
1113.0,
1114.0,
1115.0,
1116.0,
1117.0,
1118.0,
1119.0,
1120.0,
1121.0,
1122.0,
1123.0,
1124.0,
1125.0,
1126.0,
1127.0,
1128.0,
1129.0,
1130.0,
1131.0,
1132.0,
1133.0,
1134.0,
1135.0,
1136.0,
1137.0,
1138.0,
1139.0,
1140.0,
1141.0,
1142.0,
1143.0,
1144.0,
1145.0,
1146.0,
1147.0,
1148.0,
1149.0,
1150.0,
1151.0,
1152.0,
1153.0,
1154.0,
1155.0,
1156.0,
1157.0,
1158.0,
1159.0,
1160.0,
1161.0,
1162.0,
1163.0,
1164.0,
1165.0,
1166.0,
1167.0,
1168.0,
1169.0,
1170.0,
1171.0,
1172.0,
1173.0,
1174.0,
1175.0,
1176.0,
1177.0,
1178.0,
1179.0,
1180.0,
1181.0,
1182.0,
1183.0,
1184.0,
1185.0,
1186.0,
1187.0,
1188.0,
1189.0,
1190.0,
1191.0,
1192.0,
1193.0,
1194.0,
1195.0,
1196.0,
1197.0,
1198.0,
1199.0,
1200.0,
1201.0,
1202.0,
1203.0,
1204.0,
1205.0,
1206.0,
1207.0,
1208.0,
1209.0,
1210.0,
1211.0,
1212.0,
1213.0,
1214.0,
1215.0,
1216.0,
1217.0,
1218.0,
1219.0,
1220.0,
1221.0,
1222.0,
1223.0,
1224.0,
1225.0,
1226.0,
1227.0,
1228.0,
1229.0,
1230.0,
1231.0,
1232.0,
1233.0,
1234.0,
1235.0,
1236.0,
1237.0,
1238.0,
1239.0,
1240.0,
1241.0,
1242.0,
1243.0,
1244.0,
1245.0,
1246.0,
1247.0,
1248.0,
1249.0,
1250.0,
1251.0,
1252.0,
1253.0,
1254.0,
1255.0,
1256.0,
1257.0,
1258.0,
1259.0,
1260.0,
1261.0,
1262.0,
1263.0,
1264.0,
1265.0,
1266.0,
1267.0,
1268.0,
1269.0,
1270.0,
1271.0,
1272.0,
1273.0,
1274.0,
1275.0,
1276.0,
1277.0,
1278.0,
1279.0,
1280.0,
1281.0,
1282.0,
1283.0,
1284.0,
1285.0,
1286.0,
1287.0,
1288.0,
1289.0,
1290.0,
1291.0,
1292.0,
1293.0,
1294.0,
1295.0,
1296.0,
1297.0,
1298.0,
1299.0,
1300.0,
1301.0,
1302.0,
1303.0,
1304.0,
1305.0,
1306.0,
1307.0,
1308.0,
1309.0,
1310.0,
1311.0,
1312.0,
1313.0,
1314.0,
1315.0,
1316.0,
1317.0,
1318.0,
1319.0,
1320.0,
1321.0,
1322.0,
1323.0,
1324.0,
1325.0,
1326.0,
1327.0,
1328.0,
1329.0,
1330.0,
1331.0,
1332.0,
1333.0,
1334.0,
1335.0,
1336.0,
1337.0,
1338.0,
1339.0,
1340.0,
1341.0,
1342.0,
1343.0,
1344.0,
1345.0,
1346.0,
1347.0,
1348.0,
1349.0,
1350.0,
1351.0,
1352.0,
1353.0,
1354.0,
1355.0,
1356.0,
1357.0,
1358.0,
1359.0,
1360.0,
1361.0,
1362.0,
1363.0,
1364.0,
1365.0,
1366.0,
1367.0,
1368.0,
1369.0,
1370.0,
1371.0,
1372.0,
1373.0,
1374.0,
1375.0,
1376.0,
1377.0,
1378.0,
1379.0,
1380.0,
1381.0,
1382.0,
1383.0,
1384.0,
1385.0,
1386.0,
1387.0,
1388.0,
1389.0,
1390.0,
1391.0,
1392.0,
1393.0,
1394.0,
1395.0,
1396.0,
1397.0,
1398.0,
1399.0,
1400.0,
1401.0,
1402.0,
1403.0,
1404.0,
1405.0,
1406.0,
1407.0,
1408.0,
1409.0,
1410.0,
1411.0,
1412.0,
1413.0,
1414.0,
1415.0,
1416.0,
1417.0,
1418.0,
1419.0,
1420.0,
1421.0,
1422.0,
1423.0,
1424.0,
1425.0,
1426.0,
1427.0,
1428.0,
1429.0,
1430.0,
1431.0,
1432.0,
1433.0,
1434.0,
1435.0,
1436.0,
1437.0,
1438.0,
1439.0,
1440.0,
1441.0,
1442.0,
1443.0,
1444.0,
1445.0,
1446.0,
1447.0,
1448.0,
1449.0,
1450.0,
1451.0,
1452.0,
1453.0,
1454.0,
1455.0,
1456.0,
1457.0,
1458.0,
1459.0,
1460.0,
1461.0,
1462.0,
1463.0,
1464.0,
1465.0,
1466.0,
1467.0,
1468.0,
1469.0,
1470.0,
1471.0,
1472.0,
1473.0,
1474.0,
1475.0,
1476.0,
1477.0,
1478.0,
1479.0,
1480.0,
1481.0,
1482.0,
1483.0,
1484.0,
1485.0,
1486.0,
1487.0,
1488.0,
1489.0,
1490.0,
1491.0,
1492.0,
1493.0,
1494.0,
1495.0,
1496.0,
1497.0,
1498.0,
1499.0,
