Time,residuals
0.0,0.8367978168100006
1.0,-0.06649131136095326
2.0,0.4054470429416667
3.0,0.03968485468245256
4.0,-0.09115363507496213
5.0,-0.024318576738915257
6.0,0.03589405888975211
7.0,-0.12433318295858785
8.0,-0.010005826491425299
9.0,-0.12677736882691004
10.0,-0.10310082235950158
11.0,-0.059310775728637424
12.0,0.13050355857656268
13.0,-0.07030633072863282
14.0,-0.11260343641902143
15.0,0.28248967795363134
16.0,-0.05351559264814186
17.0,-0.12248953873708061
18.0,0.05267023382217759
19.0,-0.11571726392291125
20.0,0.13202901132996314
21.0,0.021427387333175868
22.0,-0.027313213279439863
23.0,0.15741996525018234
24.0,0.049462152012626354
25.0,-0.0683995629719542
26.0,-0.10406713107403658
27.0,0.3304612228925416
28.0,-0.01553724955966472
29.0,-0.05554635634705159
30.0,-0.09705963988452301
31.0,0.2622850090799118
32.0,-0.07465578910693343
33.0,-0.10443865437799849
34.0,-0.09185077789054417
35.0,-0.10185577040533493
36.0,0.16169762944880514
37.0,-0.06396874119668049
38.0,0.262330689025046
39.0,-0.05039116840458478
40.0,0.1855031327644743
41.0,0.00962614599894146
42.0,-0.10885498633927547
43.0,-0.0780800010138204
44.0,0.2635278324447482
45.0,-0.07937210451075304
46.0,-0.019736748087300138
47.0,0.43813132926305925
48.0,-0.013800693792429403
49.0,-0.1217768579518286
50.0,0.3040728036356223
51.0,-0.07132232490076373
52.0,-0.13210675403878727
53.0,0.07404333444104699
54.0,-0.09511936641352696
55.0,0.19009093320525638
56.0,-0.0784576127665042
57.0,0.37204219082030854
58.0,-0.0012769636192694056
59.0,-0.03743315100357987
60.0,-0.13238650486598838
61.0,-0.07570960056215205
62.0,0.4544310151676597
63.0,0.14146851654577247
64.0,-0.09042779078385683
65.0,0.1280869237711737
66.0,-0.08837229843955145
67.0,0.15945559374092416
68.0,-0.04033125774687003
69.0,-0.12054920892653721
70.0,0.04882059490912305
71.0,0.7510313275343694
72.0,0.19628471276119677
73.0,0.11381622577947487
74.0,-0.10192160254274166
75.0,-0.10616401330689035
76.0,-0.0022026017734757264
77.0,-0.12417374999760085
78.0,-0.13148415750199516
79.0,-0.11154416272668426
80.0,-0.041015743633298865
81.0,0.6380828581517299
82.0,0.020633728302625054
83.0,0.46134727929888614
84.0,-0.03711793600933658
85.0,-0.12875840784545786
86.0,0.10897539041562224
87.0,-0.07755942501077405
88.0,0.12241084958049236
89.0,0.023418022951887663
90.0,-0.02341528677822155
91.0,-0.12949545502833418
92.0,-0.09223449084157989
93.0,0.1997167590244322
94.0,-0.05658830080441049
95.0,-0.08844570736112534
96.0,-0.05357638031452454
97.0,-0.12212079727265394
98.0,-0.06393283518061878
99.0,0.24767250570981567
100.0,-0.09828392139893319
101.0,0.12437153527892855
102.0,-0.05400212128286226
103.0,-0.12631261755850398
104.0,0.049786436872694184
105.0,-0.11765873028218757
106.0,0.006346462525144647
107.0,0.06144239148456768
108.0,-0.05653258804837069
109.0,-0.017245929971521412
110.0,-0.11807392041562362
111.0,0.25461880582415963
112.0,-0.08602037555772393
113.0,-0.030577778855040053
114.0,-0.12989656037162395
115.0,0.21615300049942854
116.0,0.028846144313957933
117.0,0.08711997313076866
118.0,-0.04069981335147706
119.0,-0.10176896417506626
120.0,0.32073148914736926
121.0,0.22774446391555017
122.0,0.04767943319416254
123.0,-0.09733513705423102
124.0,-0.11704299616121798
125.0,0.11694360555652109
126.0,-0.06815278628686644
127.0,-0.08262527188284964
128.0,0.21381181297278803
129.0,-0.09660567353416083
130.0,-0.11626427401057196
131.0,0.13115029635594705
132.0,-0.04277254485722416
133.0,0.4611761781466674
134.0,0.03789977015294019
135.0,-0.12615952662911206
136.0,-0.017630390301820897
137.0,0.5490862063649884
138.0,0.09527503315428681
139.0,-0.09477064770538074
140.0,0.04195518866940268
141.0,0.3423642037755156
142.0,0.050380505750249854
143.0,-0.10909985896513813
144.0,0.1208319213402895
145.0,-0.10040322973039251
146.0,-0.12834207495386116
147.0,-0.041377826435446574
148.0,0.24855037680874753
149.0,-0.12109149022775635
150.0,0.030309488338221696
151.0,-0.11372619751593896
152.0,0.23687503719847894
153.0,-0.06878967707005726
154.0,-0.11404068068171423
155.0,-0.010555683849025083
156.0,-0.09464355684821812
157.0,-0.08414539662628356
158.0,0.0039049457686711753
159.0,0.617971832644974
160.0,0.059428839257297555
161.0,-0.06091295088582896
162.0,-0.10814525658924852
163.0,0.23360026350194754
164.0,0.056007775412345834
165.0,-0.06666771308182606
166.0,-0.1155957279773681
167.0,0.054140225677041576
168.0,-0.012061920194462894
169.0,-0.08394622550896241
170.0,-0.06663307552738941
171.0,-0.12492604609830595
172.0,0.030974492360585387
173.0,-0.11604491992262103
174.0,0.036210856308483655
175.0,-0.031077404691900845
176.0,-0.12138590911694962
177.0,-0.1023089500855798
178.0,0.21581152909642962
179.0,0.020755877650184412
180.0,-0.09990330942372143
181.0,-0.11597214575300685
182.0,0.3045478384326911
183.0,-0.08794321570095143
184.0,0.17283063949895963
185.0,-0.05732213753520593
186.0,0.5555335107135813
187.0,0.04012163556387288
188.0,-0.0858104808852316
189.0,0.31733243368381114
190.0,-0.0618172791150772
191.0,-0.105074357155845
192.0,0.3135239269858239
193.0,0.40408394773230827
194.0,0.0004934755431460491
195.0,-0.08172073310369375
196.0,-0.10492132090108801
197.0,0.07890919313994654
198.0,-0.12538071545344662
199.0,-0.12223175003186901
200.0,0.01720049338174129
201.0,0.6891803089180409
202.0,0.11831356017219927
203.0,-0.07884956855093225
204.0,0.10017013647427012
205.0,-0.014148867688856093
206.0,-0.016503679436873697
207.0,-0.12382488730582629
208.0,-0.09688526180138574
209.0,-0.042663477152558554
210.0,-0.1143850675948497
211.0,0.06214259166939634
212.0,-0.09858301569158615
213.0,0.2832307395811019
214.0,-0.031156827982886146
215.0,-0.11813581252823559
216.0,0.2825585791779369
217.0,0.022254846152168883
218.0,-0.12098742558678498
219.0,0.43317090197802466
220.0,0.11402107789949187
221.0,-0.13006296776778284
222.0,0.42684991243565473
223.0,0.3109652617147021
224.0,-0.02747182809060475
225.0,-0.11597561525770354
226.0,-0.12670718064370223
227.0,-0.048681957154586064
228.0,-0.12780215095856703
229.0,-0.11051485075152942
230.0,0.09222556026993736
231.0,-0.04022605132195027
232.0,-0.13476204267989905
233.0,0.0612886953137623
234.0,-0.06578625523610476
235.0,-0.14652160184501326
236.0,0.19497611695888759
237.0,0.10519874730789944
238.0,-0.08820841812847412
239.0,0.30240623601959815
240.0,0.05102121572611429
241.0,0.08259979318834601
242.0,-0.11798745714281433
243.0,0.02478393332939116
244.0,-0.13264676717356738
245.0,-0.08231207567386963
246.0,-0.10142351514057404
247.0,-0.10062045262850167
248.0,-0.13764642806261176
249.0,0.38894533211823246
250.0,0.05152668359434043
251.0,-0.08567131856079327
252.0,-0.14209351021004596
253.0,-0.05480743766316379
254.0,0.22688032569172753
255.0,0.03729325439925579
256.0,0.6774426802179169
257.0,0.14062397274154312
258.0,-0.049998397937081204
259.0,-0.15431453951426166
260.0,0.15120050081208963
261.0,-0.04952363742370712
262.0,-0.15819033325547077
263.0,0.11465042936583245
264.0,-0.05002819242560139
265.0,-0.13762974145725929
266.0,0.5220042117605336
267.0,0.20996180452909524
268.0,-0.002321367791642881
269.0,-0.08707227240105553
270.0,0.6254541528391664
271.0,0.18989624964463267
272.0,-0.0035727001670728398
273.0,-0.1099016540988684
274.0,0.23957275207372114
275.0,-0.055162035745025984
276.0,-0.09433244290067251
277.0,0.5644905306179877
278.0,0.20356870484012163
279.0,0.03918503967606507
280.0,-0.05742369282459393
281.0,-0.07817814113069335
282.0,0.31808109873683826
283.0,0.08565161813405447
284.0,-0.1332797759134491
285.0,-0.0006313992327372508
286.0,-0.035394939873409886
287.0,-0.10069866438964872
288.0,0.5699854092909806
289.0,0.24060803646278026
290.0,-0.08351798441209837
291.0,-0.015157926190532578
292.0,-0.12808748358312494
293.0,-0.1379220441746452
294.0,-0.15840428785929014
295.0,-0.08341402896529997
296.0,0.31377926051501887
297.0,0.016262466766010286
298.0,-0.045548586760579865
299.0,-0.13468752425653885
300.0,-0.14855135929607244
301.0,0.19135362168763617
302.0,0.2454108288697759
303.0,-0.10496570926754056
304.0,-0.12688867179180546
305.0,-0.1097809838214775
306.0,-0.11204713906601033
307.0,-0.1546894644880701
308.0,0.22727375056887536
309.0,0.3237004086941742
310.0,0.07713201738145845
311.0,0.11559633512524803
312.0,-0.13144806059556466
313.0,0.057450286805755785
314.0,0.011888510264788432
315.0,0.2960359421529035
316.0,0.11081102966929904
317.0,0.007013982591919571
318.0,-0.13722756645236212
319.0,0.06742739474740198
320.0,0.08078889205878081
321.0,0.0817068635781373
322.0,-0.011090798859655582
323.0,-0.08004381000531936
324.0,-0.14180642833249404
325.0,0.23457571871210536
326.0,-0.10615972997033951
327.0,-0.11085285871166284
328.0,-0.12245066662127285
329.0,0.029800047994216927
330.0,-0.06343871182578281
331.0,-0.03720885805458439
332.0,-0.1110506904306271
333.0,-0.13105038894500928
334.0,-0.1447447545783073
335.0,0.05123623270870861
336.0,-0.07656356342851514
337.0,-0.08901782146871494
338.0,-0.14844395715193875
339.0,0.02945572109638364
340.0,-0.14013878410800715
341.0,0.6920097076353473
342.0,0.5810283063950765
343.0,0.539541393145255
344.0,0.18621274148169545
345.0,-0.07647115660698367
346.0,-0.15189178834071174
347.0,-0.030648372502518867
348.0,0.39288330248926373
349.0,0.16453926178816067
350.0,-0.022026288894842733
351.0,-0.11853018774894869
352.0,0.4574392813410348
353.0,0.2768468330402628
354.0,0.04776878516169131
355.0,0.03553072597639803
356.0,-0.11285007190879036
357.0,-0.12088835286430055
358.0,-0.07886219590192113
359.0,-0.05892317396530737
360.0,-0.11538998052926291
361.0,0.049344017718532
362.0,-0.12910020966159647
363.0,0.6252009600754188
364.0,0.3782578597409031
365.0,0.1739034836939343
366.0,-0.11840666544928707
367.0,-0.16525268643967334
368.0,0.22275674053884664
369.0,-0.11577783276084935
370.0,-0.13992666147969846
371.0,0.5066885818295749
372.0,0.22111316206608317
373.0,0.0648342087376001
374.0,-0.13117852749287973
375.0,0.3614758383621274
376.0,0.08108215891765164
377.0,-0.13237194079758663
378.0,-0.10516081938414618
379.0,-0.1672981161678663
380.0,0.3106387679327245
381.0,0.015749115306663675
382.0,-0.05109165824686923
383.0,-0.04739988010210172
384.0,0.3663445850945696
385.0,0.34151641116879117
386.0,0.060380965661966296
387.0,-0.08520576205414732
388.0,-0.031988649676082975
389.0,-0.16753563568135765
390.0,-0.14933544713266633
391.0,0.16652756669089738
392.0,-0.07651592598360675
393.0,-0.08882947660093234
394.0,-0.07475945187417288
395.0,-0.05729534953999932
396.0,-0.017552591374484366
397.0,-0.036819271410110876
398.0,-0.09739247426434493
399.0,-0.16633919356845972
400.0,0.183676589217952
401.0,0.2965879194355159
402.0,-0.05964072377307686
403.0,-0.11481415374116673
404.0,-0.18219258025553803
405.0,-0.06614574201224449
406.0,-0.18617570002941589
407.0,-0.06419223882391827
408.0,-0.11697325283049921
409.0,-0.15551520918950035
410.0,0.14748311343191187
411.0,0.046935684225318214
412.0,0.14448531663768974
413.0,0.165513835214935
414.0,0.017752065269915324
415.0,0.09342198671281249
416.0,-0.05936164675582589
417.0,0.20794066456654736
418.0,0.04873867680964761
419.0,-0.2004947814987295
420.0,0.6636734545845355
421.0,0.11050237681904376
422.0,-0.08011822648888658
423.0,0.01308787373348655
424.0,-0.12027960528761816
425.0,0.12210787856693989
426.0,-0.21246603763837155
427.0,0.34002980297834673
428.0,0.059418392212758825
429.0,-0.1508879311519134
430.0,-0.21269477224565034
431.0,-0.1396140974797525
432.0,-0.1185183103210706
433.0,0.23502784950165173
434.0,-0.04481303955752278
435.0,0.16282034437180778
436.0,-0.023163444160776536
437.0,-0.17055914840161487
438.0,-0.17692436240652593
439.0,-0.2034045285427165
440.0,0.22144271147650552
441.0,0.07094828848715995
442.0,-0.12503656911863514
443.0,-0.21856233118419063
444.0,-0.18255514278346527
445.0,0.3362780703887992
446.0,0.18511703730817758
447.0,0.019699521992096847
448.0,0.007364718899952688
449.0,0.17903147626471747
450.0,0.3728443804298807
451.0,0.17797720124982075
452.0,0.07690096326889873
453.0,0.13594533616671606
454.0,0.23634563727343394
455.0,0.005909825153832149
456.0,0.047769025638221496
457.0,-0.16815677601680526
458.0,-0.20247332185382277
459.0,-0.23631995101726416
460.0,0.23825022171127302
461.0,0.09318672665773625
462.0,0.1599521045996095
463.0,-0.031152070335391108
464.0,-0.060769239555187565
465.0,0.6112528689213876
466.0,0.1470713002584309
467.0,-0.07747179264599699
468.0,-0.24878979761408232
469.0,-0.21827698063088713
470.0,-0.18294425465226524
471.0,-0.2766691492795839
472.0,0.5379700135104024
473.0,0.23118599612833757
474.0,0.046486903499762144
475.0,0.18108566606575405
476.0,-0.054324030608432494
477.0,0.027278059996243276
478.0,-0.1927407457441555
479.0,-0.2521570978214863
480.0,-0.2639209574807621
481.0,0.22401192671475456
482.0,0.26573060511896907
483.0,0.1464062223592137
484.0,-0.23120215442458306
485.0,-0.23323965572573185
486.0,-0.2206498523612263
487.0,-0.22252925851417987
488.0,0.5076850036545058
489.0,0.7308485785547805
490.0,0.6749396365440841
491.0,0.5710600096814096
492.0,0.7233676498494752
493.0,0.16568431493005353
494.0,0.07755712884894883
495.0,0.3278057113050965
496.0,0.1554724503201526
497.0,-0.03074950381613445
498.0,-0.08633279692803947
499.0,0.06832649568533239
500.0,0.06795627260386328
501.0,-0.1496265396783302
502.0,-0.19292927263077309
503.0,-0.2677294346367209
504.0,0.5818745894898988
505.0,0.8481651342851515
506.0,0.3095498233179362
507.0,0.325379753207068
508.0,0.1721206343601006
509.0,0.020994974293778834
510.0,-0.2088241705963561
511.0,-0.27165843750881447
512.0,0.05075550303615567
513.0,0.03501028242308135
514.0,-0.24681769667556014
515.0,0.607512479561644
516.0,0.47106232644319357
517.0,-0.045009044248105534
518.0,0.6632477251003224
519.0,-0.003175077720716457
520.0,0.2348118722051893
521.0,-0.2777699563108945
522.0,-0.3058049678035614
523.0,0.00906914896822153
524.0,-0.3188956998310618
525.0,-0.19882060281455008
526.0,-0.2932866648826973
527.0,-0.09076175513964674
528.0,-0.1933756475078692
529.0,-0.3332441399719178
530.0,0.5028689938368707
531.0,0.27140497876915504
532.0,0.045758509848163986
533.0,0.01818467491971204
534.0,-0.2600544785679622
535.0,-0.32828495788190376
536.0,0.8438763608311766
537.0,0.24795980089017405
538.0,-0.16597475507724074
539.0,-0.19156494264490856
540.0,-0.3216061512952313
541.0,-0.3428314924922221
542.0,0.048316877680872006
543.0,-0.04770921904327913
544.0,0.1929245977861765
545.0,0.30586964802335326
546.0,0.16106435856403217
547.0,-0.011207132252837038
548.0,0.06574118473475443
549.0,0.034080160466171516
550.0,0.32962477067554
551.0,0.45259010767187496
552.0,-0.0003231731709916752
553.0,0.09017144501505009
554.0,0.12870118280135062
555.0,0.017704175878318906
556.0,0.09028556866750026
557.0,-0.10600140163835048
558.0,-0.10676889008573476
559.0,0.039012676018502
560.0,-0.10938961942051306
561.0,0.23572274605343713
562.0,0.4727444196614156
563.0,0.3341222338068545
564.0,0.6351815722256609
565.0,0.6879897070702177
566.0,-0.0050318071879987825
567.0,-0.02094571116808447
568.0,0.19489475528389938
569.0,0.1955262114232898
570.0,0.19265721146594816
571.0,-0.049746529647969606
572.0,-0.16298868700907893
573.0,-0.11464352482726237
574.0,0.053138903568361706
575.0,-0.10047742744408411
576.0,-0.13613236549148666
577.0,-0.09229649401280038
578.0,-0.3388825829258916
579.0,-0.2490637532712108
580.0,-0.44611461358298476
581.0,-0.43317821698275694
582.0,-0.23528537983032638
583.0,0.4108653632228559
584.0,0.4604172154703789
585.0,0.5824650870357637
586.0,
587.0,
588.0,
589.0,
590.0,
591.0,
592.0,
593.0,
594.0,
595.0,
596.0,
597.0,
598.0,
599.0,
600.0,
601.0,
602.0,
603.0,
604.0,
605.0,
606.0,
607.0,
608.0,
609.0,
610.0,
611.0,
612.0,
613.0,
614.0,
615.0,
616.0,
617.0,
618.0,
619.0,
620.0,
621.0,
622.0,
623.0,
624.0,
625.0,
626.0,
627.0,
628.0,
629.0,
630.0,
631.0,
632.0,
633.0,
634.0,
635.0,
636.0,
637.0,
638.0,
639.0,
640.0,
641.0,
642.0,
643.0,
644.0,
645.0,
646.0,
647.0,
648.0,
649.0,
650.0,
651.0,
652.0,
653.0,
654.0,
655.0,
656.0,
657.0,
658.0,
659.0,
660.0,
661.0,
662.0,
663.0,
664.0,
665.0,
666.0,
667.0,
668.0,
669.0,
670.0,
671.0,
672.0,
673.0,
674.0,
675.0,
676.0,
677.0,
678.0,
679.0,
680.0,
681.0,
682.0,
683.0,
684.0,
685.0,
686.0,
687.0,
688.0,
689.0,
690.0,
691.0,
692.0,
693.0,
694.0,
695.0,
696.0,
697.0,
698.0,
699.0,
700.0,
701.0,
702.0,
703.0,
704.0,
705.0,
706.0,
707.0,
708.0,
709.0,
710.0,
711.0,
712.0,
713.0,
714.0,
715.0,
716.0,
717.0,
718.0,
719.0,
720.0,
721.0,
722.0,
723.0,
724.0,
725.0,
726.0,
727.0,
728.0,
729.0,
730.0,
731.0,
732.0,
733.0,
734.0,
735.0,
736.0,
737.0,
738.0,
739.0,
740.0,
741.0,
742.0,
743.0,
744.0,
745.0,
746.0,
747.0,
748.0,
749.0,
750.0,
751.0,
752.0,
753.0,
754.0,
755.0,
756.0,
757.0,
758.0,
759.0,
760.0,
761.0,
762.0,
763.0,
764.0,
765.0,
766.0,
767.0,
768.0,
769.0,
770.0,
771.0,
772.0,
773.0,
774.0,
775.0,
776.0,
777.0,
778.0,
779.0,
780.0,
781.0,
782.0,
783.0,
784.0,
785.0,
786.0,
787.0,
788.0,
789.0,
790.0,
791.0,
792.0,
793.0,
794.0,
795.0,
796.0,
797.0,
798.0,
799.0,
800.0,
801.0,
802.0,
803.0,
804.0,
805.0,
806.0,
807.0,
808.0,
809.0,
810.0,
811.0,
812.0,
813.0,
814.0,
815.0,
816.0,
817.0,
818.0,
819.0,
820.0,
821.0,
822.0,
823.0,
824.0,
825.0,
826.0,
827.0,
828.0,
829.0,
830.0,
831.0,
832.0,
833.0,
834.0,
835.0,
836.0,
837.0,
838.0,
839.0,
840.0,
841.0,
842.0,
843.0,
844.0,
845.0,
846.0,
847.0,
848.0,
849.0,
850.0,
851.0,
852.0,
853.0,
854.0,
855.0,
856.0,
857.0,
858.0,
859.0,
860.0,
861.0,
862.0,
863.0,
864.0,
865.0,
866.0,
867.0,
868.0,
869.0,
870.0,
871.0,
872.0,
873.0,
874.0,
875.0,
876.0,
877.0,
878.0,
879.0,
880.0,
881.0,
882.0,
883.0,
884.0,
885.0,
886.0,
887.0,
888.0,
889.0,
890.0,
891.0,
892.0,
893.0,
894.0,
895.0,
896.0,
897.0,
898.0,
899.0,
900.0,
901.0,
902.0,
903.0,
904.0,
905.0,
906.0,
907.0,
908.0,
909.0,
910.0,
911.0,
912.0,
913.0,
914.0,
915.0,
916.0,
917.0,
918.0,
919.0,
920.0,
921.0,
922.0,
923.0,
924.0,
925.0,
926.0,
927.0,
928.0,
929.0,
930.0,
931.0,
932.0,
933.0,
934.0,
935.0,
936.0,
937.0,
938.0,
939.0,
940.0,
941.0,
942.0,
943.0,
944.0,
945.0,
946.0,
947.0,
948.0,
949.0,
950.0,
951.0,
952.0,
953.0,
954.0,
955.0,
956.0,
957.0,
958.0,
959.0,
960.0,
961.0,
962.0,
963.0,
964.0,
965.0,
966.0,
967.0,
968.0,
969.0,
970.0,
971.0,
972.0,
973.0,
974.0,
975.0,
976.0,
977.0,
978.0,
979.0,
980.0,
981.0,
982.0,
983.0,
984.0,
985.0,
986.0,
987.0,
988.0,
989.0,
990.0,
991.0,
992.0,
993.0,
994.0,
995.0,
996.0,
997.0,
998.0,
999.0,
1000.0,
1001.0,
1002.0,
1003.0,
1004.0,
1005.0,
1006.0,
1007.0,
1008.0,
1009.0,
1010.0,
1011.0,
1012.0,
1013.0,
1014.0,
1015.0,
1016.0,
1017.0,
1018.0,
1019.0,
1020.0,
1021.0,
1022.0,
1023.0,
1024.0,
1025.0,
1026.0,
1027.0,
1028.0,
1029.0,
1030.0,
1031.0,
1032.0,
1033.0,
1034.0,
1035.0,
1036.0,
1037.0,
1038.0,
1039.0,
1040.0,
1041.0,
1042.0,
1043.0,
1044.0,
1045.0,
1046.0,
1047.0,
1048.0,
1049.0,
1050.0,
1051.0,
1052.0,
1053.0,
1054.0,
1055.0,
1056.0,
1057.0,
1058.0,
1059.0,
1060.0,
1061.0,
1062.0,
1063.0,
1064.0,
1065.0,
1066.0,
1067.0,
1068.0,
1069.0,
1070.0,
1071.0,
1072.0,
1073.0,
1074.0,
1075.0,
1076.0,
1077.0,
1078.0,
1079.0,
1080.0,
1081.0,
1082.0,
1083.0,
1084.0,
1085.0,
1086.0,
1087.0,
1088.0,
1089.0,
1090.0,
1091.0,
1092.0,
1093.0,
1094.0,
1095.0,
1096.0,
1097.0,
1098.0,
1099.0,
1100.0,
1101.0,
1102.0,
1103.0,
1104.0,
1105.0,
1106.0,
1107.0,
1108.0,
1109.0,
1110.0,
1111.0,
1112.0,
1113.0,
1114.0,
1115.0,
1116.0,
1117.0,
1118.0,
1119.0,
1120.0,
1121.0,
1122.0,
1123.0,
1124.0,
1125.0,
1126.0,
1127.0,
1128.0,
1129.0,
1130.0,
1131.0,
1132.0,
1133.0,
1134.0,
1135.0,
1136.0,
1137.0,
1138.0,
1139.0,
1140.0,
1141.0,
1142.0,
1143.0,
1144.0,
1145.0,
1146.0,
1147.0,
1148.0,
1149.0,
1150.0,
1151.0,
1152.0,
1153.0,
1154.0,
1155.0,
1156.0,
1157.0,
1158.0,
1159.0,
1160.0,
1161.0,
1162.0,
1163.0,
1164.0,
1165.0,
1166.0,
1167.0,
1168.0,
1169.0,
1170.0,
1171.0,
1172.0,
1173.0,
1174.0,
1175.0,
1176.0,
1177.0,
1178.0,
1179.0,
1180.0,
1181.0,
1182.0,
1183.0,
1184.0,
1185.0,
1186.0,
1187.0,
1188.0,
1189.0,
1190.0,
1191.0,
1192.0,
1193.0,
1194.0,
1195.0,
1196.0,
1197.0,
1198.0,
1199.0,
1200.0,
1201.0,
1202.0,
1203.0,
1204.0,
1205.0,
1206.0,
1207.0,
1208.0,
1209.0,
1210.0,
1211.0,
1212.0,
1213.0,
1214.0,
1215.0,
1216.0,
1217.0,
1218.0,
1219.0,
1220.0,
1221.0,
1222.0,
1223.0,
1224.0,
1225.0,
1226.0,
1227.0,
1228.0,
1229.0,
1230.0,
1231.0,
1232.0,
1233.0,
1234.0,
1235.0,
1236.0,
1237.0,
1238.0,
1239.0,
1240.0,
1241.0,
1242.0,
1243.0,
1244.0,
1245.0,
1246.0,
1247.0,
1248.0,
1249.0,
1250.0,
1251.0,
1252.0,
1253.0,
1254.0,
1255.0,
1256.0,
1257.0,
1258.0,
1259.0,
1260.0,
1261.0,
1262.0,
1263.0,
1264.0,
1265.0,
1266.0,
1267.0,
1268.0,
1269.0,
1270.0,
1271.0,
1272.0,
1273.0,
1274.0,
1275.0,
1276.0,
1277.0,
1278.0,
1279.0,
1280.0,
1281.0,
1282.0,
1283.0,
1284.0,
1285.0,
1286.0,
1287.0,
1288.0,
1289.0,
1290.0,
1291.0,
1292.0,
1293.0,
1294.0,
1295.0,
1296.0,
1297.0,
1298.0,
1299.0,
1300.0,
1301.0,
1302.0,
1303.0,
1304.0,
1305.0,
1306.0,
1307.0,
1308.0,
1309.0,
1310.0,
1311.0,
1312.0,
1313.0,
1314.0,
1315.0,
1316.0,
1317.0,
1318.0,
1319.0,
1320.0,
1321.0,
1322.0,
1323.0,
1324.0,
1325.0,
1326.0,
1327.0,
1328.0,
1329.0,
1330.0,
1331.0,
1332.0,
1333.0,
1334.0,
1335.0,
1336.0,
1337.0,
1338.0,
1339.0,
1340.0,
1341.0,
1342.0,
1343.0,
1344.0,
1345.0,
1346.0,
1347.0,
1348.0,
1349.0,
1350.0,
1351.0,
1352.0,
1353.0,
1354.0,
1355.0,
1356.0,
1357.0,
1358.0,
1359.0,
1360.0,
1361.0,
1362.0,
1363.0,
1364.0,
1365.0,
1366.0,
1367.0,
1368.0,
1369.0,
1370.0,
1371.0,
1372.0,
1373.0,
1374.0,
1375.0,
1376.0,
1377.0,
1378.0,
1379.0,
1380.0,
1381.0,
1382.0,
1383.0,
1384.0,
1385.0,
1386.0,
1387.0,
1388.0,
1389.0,
1390.0,
1391.0,
1392.0,
1393.0,
1394.0,
1395.0,
1396.0,
1397.0,
1398.0,
1399.0,
1400.0,
1401.0,
1402.0,
1403.0,
1404.0,
1405.0,
1406.0,
1407.0,
1408.0,
1409.0,
1410.0,
1411.0,
1412.0,
1413.0,
1414.0,
1415.0,
1416.0,
1417.0,
1418.0,
1419.0,
1420.0,
1421.0,
1422.0,
1423.0,
1424.0,
1425.0,
1426.0,
1427.0,
1428.0,
1429.0,
1430.0,
1431.0,
1432.0,
1433.0,
1434.0,
1435.0,
1436.0,
1437.0,
1438.0,
1439.0,
1440.0,
1441.0,
1442.0,
1443.0,
1444.0,
1445.0,
1446.0,
1447.0,
1448.0,
1449.0,
1450.0,
1451.0,
1452.0,
1453.0,
1454.0,
1455.0,
1456.0,
1457.0,
1458.0,
1459.0,
1460.0,
1461.0,
1462.0,
1463.0,
1464.0,
1465.0,
1466.0,
1467.0,
1468.0,
1469.0,
1470.0,
1471.0,
1472.0,
1473.0,
1474.0,
1475.0,
1476.0,
1477.0,
1478.0,
1479.0,
1480.0,
1481.0,
1482.0,
1483.0,
1484.0,
1485.0,
1486.0,
1487.0,
1488.0,
1489.0,
1490.0,
1491.0,
1492.0,
1493.0,
1494.0,
1495.0,
1496.0,
1497.0,
1498.0,
1499.0,
